1 43
0 0 0 0
0 0 0 0
0 0 0 0
0 0 0 0
0 0 0 0
0 0 0 0
0 0 0 0
0 0 0 0
0 0 0 0
0 0 0 0
0 0 0 0
0 2116 3110 1 9 0 2116 3110
0 2218 2531 1 6 0 2218 2531
0 0 0 0
0 0 0 0
0 0 0 0
0 0 0 0
0 1938 4121 1 9 0 1938 4121
0 0 0 0
0 1254 8010 1 8 0 1254 8010
0 0 0 0
0 0 0 0
0 0 0 0
0 0 0 0
0 0 0 0
0 0 0 0
0 0 0 0
0 1372 7342 1 9 0 1372 7342
0 0 0 0
0 2586 442 1 8 0 2586 442
0 0 0 0
0 0 0 0
0 0 0 0
0 1751 5184 1 6 0 1751 5184
0 0 0 0
0 0 0 0
0 0 0 0
0 0 0 0
0 0 0 0
0 0 0 0
0 2161 2857 1 4 0 2161 2857
0 0 0 0
0 0 0 0
-1
2 39
0 0 0 0
0 0 0 0
0 0 0 0
0 0 0 0
0 0 0 0
0 0 0 0
0 0 0 0
0 0 0 0
0 0 0 0
0 0 0 0
0 0 0 0
0 0 0 0
0 0 0 0
0 0 0 0
0 0 0 0
0 0 0 0
0 0 0 0
0 0 0 0
0 0 0 0
0 0 0 0
0 1493 1215 1 7 0 1493 1215
0 0 0 0
0 0 0 0
0 0 0 0
0 0 0 0
0 0 0 0
0 0 0 0
0 0 0 0
0 0 0 0
0 0 0 0
0 0 0 0
0 0 0 0
0 0 0 0
0 0 0 0
0 0 0 0
0 1469 1352 1 2 0 1469 1352
0 0 0 0
0 0 0 0
0 0 0 0
-1
3 45
0 0 0 0
0 0 0 0
0 1079 147 1 3 0 1079 147
0 0 0 0
0 0 0 0
0 0 0 0
0 0 0 0
0 0 0 0
0 0 0 0
0 0 0 0
0 0 0 0
0 0 0 0
0 0 0 0
0 888 1231 1 7 0 888 1231
0 0 0 0
0 0 0 0
0 0 0 0
0 0 0 0
0 974 747 1 5 0 974 747
0 0 0 0
0 0 0 0
0 0 0 0
0 0 0 0
0 0 0 0
0 0 0 0
0 0 0 0
0 0 0 0
0 0 0 0
0 0 0 0
0 0 0 0
0 0 0 0
0 0 0 0
0 0 0 0
0 0 0 0
0 0 0 0
0 0 0 0
0 0 0 0
0 0 0 0
0 0 0 0
0 0 0 0
0 0 0 0
0 0 0 0
0 0 0 0
0 0 0 0
0 0 0 0
-1
5 39
0 0 0 0
0 2833 2447 1 4 0 2833 2447
0 0 0 0
0 0 0 0
0 1986 7263 1 7 0 1986 7263
0 0 0 0
0 0 0 0
0 0 0 0
0 0 0 0
0 0 0 0
0 2301 5468 1 3 0 2301 5468
0 2221 5926 1 10 0 2221 5926
0 0 0 0
0 0 0 0
0 0 0 0
0 0 0 0
0 0 0 0
0 0 0 0
0 0 0 0
0 0 0 0
0 0 0 0
0 0 0 0
0 0 0 0
0 0 0 0
0 0 0 0
0 2908 2021 1 8 0 2908 2021
0 0 0 0
0 0 0 0
0 0 0 0
0 0 0 0
0 0 0 0
0 0 0 0
0 0 0 0
0 0 0 0
0 0 0 0
0 0 0 0
0 0 0 0
0 0 0 0
0 0 0 0
-1
4 28
0 2907 3252 1 1 0 2907 3252
0 0 0 0
0 1592 10726 1 10 0 1592 10726
0 0 0 0
0 0 0 0
0 0 0 0
0 3171 1747 1 7 0 3171 1747
0 0 0 0
0 0 0 0
0 3448 178 1 2 0 3448 178
0 1648 10410 1 2 0 1648 10410
0 0 0 0
0 0 0 0
0 0 0 0
0 0 0 0
0 3438 231 1 5 0 3438 231
0 0 0 0
0 3428 289 1 5 0 3428 289
0 0 0 0
0 0 0 0
0 0 0 0
0 2577 5126 1 10 0 2577 5126
0 0 0 0
0 0 0 0
0 0 0 0
0 0 0 0
0 0 0 0
0 0 0 0
-1
