2 31
0 24057 334680 1 8 0 24057 334680
0 0 0 0
0 20876 378573 1 1 0 20876 378573
0 39362 123466 1 197 0 39362 123466
0 0 0 0
0 0 0 0
0 33189 208653 1 111 0 33189 208653
0 28898 267873 1 77 0 28898 267873
0 0 0 0
0 38811 131073 1 165 0 38811 131073
0 31351 234020 1 143 0 31351 234020
0 27947 280993 1 33 0 27947 280993
0 47417 12306 1 113 0 47417 12306
0 18806 407140 1 109 0 18806 407140
0 0 0 0
0 0 0 0
0 0 0 0
0 30138 250760 1 24 0 30138 250760
0 0 0 0
0 0 0 0
0 27164 291800 1 146 0 27164 291800
0 0 0 0
0 0 0 0
0 0 0 0
0 0 0 0
0 0 0 0
0 0 0 0
0 0 0 0
0 0 0 0
0 0 0 0
0 0 0 0
-1
8 32
0 35301 179506 1 149 0 35301 179506
0 0 0 0
0 47597 9826 1 55 0 47597 9826
0 0 0 0
0 26163 305613 1 127 0 26163 305613
0 20403 385100 1 6 0 20403 385100
0 0 0 0
0 0 0 0
0 41274 97080 1 150 0 41274 97080
0 0 0 0
0 47934 5173 1 44 0 47934 5173
0 41061 100020 1 63 0 41061 100020
0 33064 210380 1 72 0 33064 210380
0 47226 14946 1 97 0 47226 14946
0 48044 3653 1 151 0 48044 3653
0 31340 234173 1 45 0 31340 234173
0 0 0 0
0 0 0 0
0 42777 76340 1 128 0 42777 76340
0 41030 100446 1 120 0 41030 100446
0 0 0 0
0 0 0 0
0 0 0 0
0 0 0 0
0 45566 37853 1 49 0 45566 37853
0 0 0 0
0 0 0 0
0 34247 194053 1 26 0 34247 194053
0 0 0 0
0 0 0 0
0 37091 154806 1 22 0 37091 154806
0 0 0 0
-1
14 26
0 17548 424500 1 78 0 17548 424500
0 36381 164606 1 184 0 36381 164606
0 0 0 0
0 43339 68580 1 103 0 43339 68580
0 29712 256640 1 96 0 29712 256640
0 44170 57113 1 160 0 44170 57113
0 0 0 0
0 21383 371580 1 196 0 21383 371580
0 0 0 0
0 0 0 0
0 0 0 0
0 32895 212713 1 52 0 32895 212713
0 0 0 0
0 0 0 0
0 19145 402460 1 123 0 19145 402460
0 0 0 0
0 46034 31393 1 27 0 46034 31393
0 0 0 0
0 0 0 0
0 19787 393600 1 48 0 19787 393600
0 0 0 0
0 0 0 0
0 0 0 0
0 0 0 0
0 0 0 0
0 0 0 0
-1
5 34
0 31270 235140 1 88 0 31270 235140
0 42562 79306 1 122 0 42562 79306
0 0 0 0
0 0 0 0
0 0 0 0
0 29916 253820 1 124 0 29916 253820
0 29787 255600 1 23 0 29787 255600
0 38264 138620 1 59 0 38264 138620
0 17821 420733 1 186 0 17821 420733
0 0 0 0
0 19104 403026 1 85 0 19104 403026
0 31342 234146 1 164 0 31342 234146
0 35885 171453 1 188 0 35885 171453
0 0 0 0
0 0 0 0
0 0 0 0
0 17480 425440 1 3 0 17480 425440
0 0 0 0
0 18866 406313 1 126 0 18866 406313
0 0 0 0
0 0 0 0
0 0 0 0
0 0 0 0
0 0 0 0
0 0 0 0
0 0 0 0
0 0 0 0
0 0 0 0
0 0 0 0
0 0 0 0
0 0 0 0
0 0 0 0
0 0 0 0
0 0 0 0
-1
13 30
0 46421 26053 1 29 0 46421 26053
0 42156 84913 1 182 0 42156 84913
0 30591 244506 1 110 0 30591 244506
0 17012 431900 1 171 0 17012 431900
0 21426 370986 1 9 0 21426 370986
0 21654 367840 1 152 0 21654 367840
0 0 0 0
0 21674 367560 1 5 0 21674 367560
0 0 0 0
0 22767 352480 1 132 0 22767 352480
0 0 0 0
0 44947 46393 1 30 0 44947 46393
0 0 0 0
0 44283 55560 1 175 0 44283 55560
0 0 0 0
0 0 0 0
0 30650 243693 1 198 0 30650 243693
0 0 0 0
0 0 0 0
0 0 0 0
0 0 0 0
0 41122 99180 1 147 0 41122 99180
0 36321 165433 1 104 0 36321 165433
0 29469 259993 1 200 0 29469 259993
0 0 0 0
0 0 0 0
0 0 0 0
0 0 0 0
0 0 0 0
0 0 0 0
-1
12 29
0 21386 371533 1 53 0 21386 371533
0 36800 158820 1 129 0 36800 158820
0 31828 227440 1 10 0 31828 227440
0 0 0 0
0 24530 328146 1 180 0 24530 328146
0 0 0 0
0 0 0 0
0 0 0 0
0 0 0 0
0 0 0 0
0 47739 7860 1 56 0 47739 7860
0 33673 201973 1 50 0 33673 201973
0 32675 215746 1 155 0 32675 215746
0 0 0 0
0 0 0 0
0 27792 283133 1 169 0 27792 283133
0 0 0 0
0 0 0 0
0 0 0 0
0 0 0 0
0 0 0 0
0 0 0 0
0 17055 431306 1 178 0 17055 431306
0 0 0 0
0 0 0 0
0 0 0 0
0 0 0 0
0 0 0 0
0 0 0 0
-1
9 28
0 33610 202846 1 11 0 33610 202846
0 48088 3046 1 70 0 48088 3046
0 28008 280153 1 74 0 28008 280153
0 0 0 0
0 27174 291653 1 42 0 27174 291653
0 41312 96560 1 154 0 41312 96560
0 0 0 0
0 40740 104453 1 173 0 40740 104453
0 0 0 0
0 0 0 0
0 0 0 0
0 16954 432700 1 105 0 16954 432700
0 0 0 0
0 0 0 0
0 0 0 0
0 0 0 0
0 0 0 0
0 21993 363160 1 41 0 21993 363160
0 0 0 0
0 0 0 0
0 0 0 0
0 0 0 0
0 0 0 0
0 0 0 0
0 0 0 0
0 0 0 0
0 0 0 0
0 0 0 0
-1
10 34
0 19578 396486 1 102 0 19578 396486
0 0 0 0
0 0 0 0
0 0 0 0
0 0 0 0
0 45162 43426 1 12 0 45162 43426
0 0 0 0
0 21110 375346 1 83 0 21110 375346
0 0 0 0
0 22466 356633 1 57 0 22466 356633
0 0 0 0
0 41370 95760 1 136 0 41370 95760
0 0 0 0
0 30681 243266 1 190 0 30681 243266
0 23062 348406 1 141 0 23062 348406
0 43123 71566 1 76 0 43123 71566
0 30265 249006 1 87 0 30265 249006
0 0 0 0
0 37529 148760 1 67 0 37529 148760
0 0 0 0
0 0 0 0
0 19904 391980 1 137 0 19904 391980
0 0 0 0
0 0 0 0
0 0 0 0
0 0 0 0
0 0 0 0
0 0 0 0
0 0 0 0
0 0 0 0
0 0 0 0
0 0 0 0
0 0 0 0
0 0 0 0
-1
3 32
0 23579 341273 1 90 0 23579 341273
0 31130 237066 1 153 0 31130 237066
0 31171 236500 1 73 0 31171 236500
0 29623 257866 1 60 0 29623 257866
0 0 0 0
0 18823 406906 1 89 0 18823 406906
0 36084 168706 1 145 0 36084 168706
0 19661 395340 1 161 0 19661 395340
0 37432 150100 1 139 0 37432 150100
0 43119 71620 1 64 0 43119 71620
0 16260 442273 1 17 0 16260 442273
0 27242 290726 1 46 0 27242 290726
0 30992 238973 1 167 0 30992 238973
0 0 0 0
0 20949 377560 1 183 0 20949 377560
0 0 0 0
0 39412 122780 1 69 0 39412 122780
0 0 0 0
0 41419 95080 1 192 0 41419 95080
0 28878 268146 1 31 0 28878 268146
0 0 0 0
0 0 0 0
0 0 0 0
0 0 0 0
0 0 0 0
0 0 0 0
0 0 0 0
0 0 0 0
0 0 0 0
0 0 0 0
0 0 0 0
0 0 0 0
-1
4 32
0 35057 182880 1 81 0 35057 182880
0 0 0 0
0 0 0 0
0 26839 296286 1 125 0 26839 296286
0 0 0 0
0 0 0 0
0 40446 108506 1 65 0 40446 108506
0 19235 401220 1 194 0 19235 401220
0 28878 268140 1 61 0 28878 268140
0 0 0 0
0 40931 101813 1 99 0 40931 101813
0 34149 195406 1 40 0 34149 195406
0 29230 263286 1 106 0 29230 263286
0 32058 224260 1 18 0 32058 224260
0 36678 160506 1 108 0 36678 160506
0 0 0 0
0 17129 430280 1 131 0 17129 430280
0 27817 282780 1 62 0 27817 282780
0 0 0 0
0 0 0 0
0 46774 21180 1 25 0 46774 21180
0 0 0 0
0 0 0 0
0 0 0 0
0 0 0 0
0 0 0 0
0 0 0 0
0 28554 272620 1 92 0 28554 272620
0 0 0 0
0 0 0 0
0 42897 74686 1 157 0 42897 74686
0 0 0 0
-1
6 32
0 0 0 0
0 41108 99366 1 116 0 41108 99366
0 0 0 0
0 34972 184046 1 34 0 34972 184046
0 0 0 0
0 20689 381153 1 174 0 20689 381153
0 47921 5353 1 195 0 47921 5353
0 0 0 0
0 45964 32360 1 176 0 45964 32360
0 45848 33953 1 14 0 45848 33953
0 0 0 0
0 35331 179093 1 38 0 35331 179093
0 0 0 0
0 41773 90193 1 13 0 41773 90193
0 0 0 0
0 0 0 0
0 0 0 0
0 0 0 0
0 0 0 0
0 33719 201340 1 54 0 33719 201340
0 0 0 0
0 45374 40500 1 148 0 45374 40500
0 0 0 0
0 21314 372533 1 163 0 21314 372533
0 0 0 0
0 0 0 0
0 0 0 0
0 0 0 0
0 0 0 0
0 0 0 0
0 0 0 0
0 0 0 0
-1
7 32
0 41319 96460 1 66 0 41319 96460
0 32915 212433 1 71 0 32915 212433
0 40444 108533 1 134 0 40444 108533
0 0 0 0
0 30854 240880 1 37 0 30854 240880
0 30889 240393 1 193 0 30889 240393
0 0 0 0
0 25947 308593 1 47 0 25947 308593
0 18594 410066 1 94 0 18594 410066
0 31097 237526 1 21 0 31097 237526
0 45923 32926 1 117 0 45923 32926
0 22462 356686 1 39 0 22462 356686
0 0 0 0
0 0 0 0
0 0 0 0
0 0 0 0
0 30078 251586 1 19 0 30078 251586
0 0 0 0
0 43455 66986 1 2 0 43455 66986
0 44497 52606 1 187 0 44497 52606
0 33591 203106 1 7 0 33591 203106
0 0 0 0
0 24956 322266 1 107 0 24956 322266
0 0 0 0
0 46286 27913 1 121 0 46286 27913
0 29292 262433 1 68 0 29292 262433
0 0 0 0
0 0 0 0
0 0 0 0
0 0 0 0
0 0 0 0
0 0 0 0
-1
11 31
0 22611 354633 1 158 0 22611 354633
0 0 0 0
0 42700 77406 1 142 0 42700 77406
0 17594 423866 1 16 0 17594 423866
0 16375 440686 1 177 0 16375 440686
0 0 0 0
0 31781 228080 1 15 0 31781 228080
0 32238 221780 1 82 0 32238 221780
0 0 0 0
0 0 0 0
0 28643 271386 1 84 0 28643 271386
0 0 0 0
0 35608 175273 1 179 0 35608 175273
0 0 0 0
0 0 0 0
0 30245 249280 1 181 0 30245 249280
0 0 0 0
0 0 0 0
0 42047 86413 1 93 0 42047 86413
0 41964 87560 1 75 0 41964 87560
0 18316 413900 1 36 0 18316 413900
0 0 0 0
0 27426 288186 1 35 0 27426 288186
0 0 0 0
0 0 0 0
0 0 0 0
0 0 0 0
0 0 0 0
0 35452 177420 1 144 0 35452 177420
0 33399 205760 1 100 0 33399 205760
0 0 0 0
-1
1 30
0 34094 196166 1 118 0 34094 196166
0 48124 2553 1 95 0 48124 2553
0 23323 344806 1 51 0 23323 344806
0 42850 75333 1 138 0 42850 75333
0 22405 357473 1 199 0 22405 357473
0 40021 114373 1 133 0 40021 114373
0 41246 97466 1 112 0 41246 97466
0 17476 425493 1 86 0 17476 425493
0 40109 113160 1 119 0 40109 113160
0 18270 414540 1 115 0 18270 414540
0 42717 77166 1 170 0 42717 77166
0 0 0 0
0 23176 346833 1 58 0 23176 346833
0 25348 316860 1 172 0 25348 316860
0 35597 175426 1 32 0 35597 175426
0 39960 115213 1 114 0 39960 115213
0 42392 81646 1 98 0 42392 81646
0 0 0 0
0 25507 314660 1 43 0 25507 314660
0 0 0 0
0 0 0 0
0 40658 105580 1 159 0 40658 105580
0 0 0 0
0 0 0 0
0 0 0 0
0 0 0 0
0 0 0 0
0 0 0 0
0 0 0 0
0 0 0 0
-1
15 35
0 17505 425093 1 191 0 17505 425093
0 0 0 0
0 43248 69840 1 185 0 43248 69840
0 45968 32306 1 79 0 45968 32306
0 0 0 0
0 43891 60966 1 4 0 43891 60966
0 37740 145853 1 80 0 37740 145853
0 0 0 0
0 29096 265140 1 189 0 29096 265140
0 47686 8593 1 130 0 47686 8593
0 23152 347166 1 162 0 23152 347166
0 0 0 0
0 0 0 0
0 41215 97893 1 135 0 41215 97893
0 39933 115586 1 28 0 39933 115586
0 37592 147893 1 156 0 37592 147893
0 33796 200280 1 20 0 33796 200280
0 0 0 0
0 47059 17246 1 166 0 47059 17246
0 0 0 0
0 0 0 0
0 0 0 0
0 0 0 0
0 0 0 0
0 40962 101386 1 91 0 40962 101386
0 0 0 0
0 19560 396733 1 101 0 19560 396733
0 0 0 0
0 0 0 0
0 25924 308913 1 168 0 25924 308913
0 0 0 0
0 0 0 0
0 19306 400240 1 140 0 19306 400240
0 0 0 0
0 0 0 0
-1
