1 17
0 1294 156 1 157 0 1294 156
0 1222 302 1 170 0 1222 302
0 781 1202 1 53 0 781 1202
0 863 1034 1 192 0 863 1034
0 1224 298 1 132 0 1224 298
0 512 1750 1 197 0 512 1750
0 582 1608 1 112 0 582 1608
0 1017 720 1 147 0 1017 720
0 1239 268 1 81 0 1239 268
0 1311 120 1 25 0 1311 120
0 1234 278 1 192 0 1234 278
0 1201 344 1 58 0 1201 344
0 478 1820 1 34 0 478 1820
0 830 1102 1 129 0 830 1102
0 1128 494 1 192 0 1128 494
0 1235 276 1 67 0 1235 276
0 482 1812 1 139 0 482 1812
-1
3 19
0 990 780 1 96 0 990 780
0 1243 264 1 53 0 1243 264
0 1360 24 1 154 0 1360 24
0 872 1020 1 196 0 872 1020
0 1001 756 1 19 0 1001 756
0 821 1124 1 39 0 821 1124
0 1332 82 1 50 0 1332 82
0 515 1748 1 97 0 515 1748
0 874 1016 1 14 0 874 1016
0 948 866 1 89 0 948 866
0 716 1338 1 38 0 716 1338
0 1103 548 1 2 0 1103 548
0 792 1184 1 170 0 792 1184
0 817 1132 1 143 0 817 1132
0 1288 172 1 135 0 1288 172
0 703 1364 1 14 0 703 1364
0 1271 206 1 49 0 1271 206
0 472 1836 1 14 0 472 1836
0 1137 480 1 158 0 1137 480
-1
4 20
0 1994 3630 1 128 0 1994 3630
0 2904 1772 1 60 0 2904 1772
0 3534 488 1 139 0 3534 488
0 3624 304 1 5 0 3624 304
0 3201 1166 1 124 0 3201 1166
0 3590 374 1 127 0 3590 374
0 2611 2370 1 5 0 2611 2370
0 3211 1146 1 27 0 3211 1146
0 3369 824 1 76 0 3369 824
0 3408 744 1 49 0 3408 744
0 3616 320 1 70 0 3616 320
0 2087 3440 1 164 0 2087 3440
0 3359 844 1 115 0 3359 844
0 1759 4108 1 97 0 1759 4108
0 2699 2192 1 112 0 2699 2192
0 3179 1212 1 44 0 3179 1212
0 1800 4026 1 55 0 1800 4026
0 3336 892 1 15 0 3336 892
0 2559 2476 1 45 0 2559 2476
0 2974 1630 1 45 0 2974 1630
-1
5 23
0 881 1616 1 185 0 881 1616
0 852 1674 1 25 0 852 1674
0 1413 530 1 51 0 1413 530
0 862 1654 1 84 0 862 1654
0 1031 1310 1 148 0 1031 1310
0 1269 824 1 68 0 1269 824
0 1536 280 1 186 0 1536 280
0 568 2254 1 49 0 568 2254
0 733 1918 1 49 0 733 1918
0 839 1702 1 170 0 839 1702
0 1645 58 1 104 0 1645 58
0 1632 84 1 68 0 1632 84
0 1046 1280 1 100 0 1046 1280
0 1382 594 1 26 0 1382 594
0 1058 1254 1 82 0 1058 1254
0 1265 832 1 84 0 1265 832
0 1302 756 1 136 0 1302 756
0 1445 466 1 6 0 1445 466
0 822 1736 1 22 0 822 1736
0 0 0 0
0 1189 988 1 84 0 1189 988
0 1143 1082 1 85 0 1143 1082
0 605 2178 1 185 0 605 2178
-1
7 15
0 2041 1744 1 40 0 2041 1744
0 2547 712 1 26 0 2547 712
0 2491 826 1 82 0 2491 826
0 1994 1840 1 156 0 1994 1840
0 1737 2364 1 118 0 1737 2364
0 2119 1584 1 198 0 2119 1584
0 0 0 0
0 2111 1600 1 77 0 2111 1600
0 2459 890 1 1 0 2459 890
0 2063 1698 1 46 0 2063 1698
0 2787 222 1 105 0 2787 222
0 1589 2666 1 54 0 1589 2666
0 1505 2836 1 11 0 1505 2836
0 1965 1898 1 50 0 1965 1898
0 1884 2064 1 152 0 1884 2064
-1
11 24
0 3048 238 1 195 0 3048 238
0 1725 2936 1 166 0 1725 2936
0 1918 2542 1 101 0 1918 2542
0 3159 10 1 39 0 3159 10
0 1828 2726 1 176 0 1828 2726
0 2506 1342 1 147 0 2506 1342
0 2942 454 1 176 0 2942 454
0 2066 2240 1 90 0 2066 2240
0 1550 3294 1 32 0 1550 3294
0 2387 1586 1 183 0 2387 1586
0 2660 1028 1 101 0 2660 1028
0 3156 16 1 184 0 3156 16
0 2740 866 1 69 0 2740 866
0 2050 2274 1 106 0 2050 2274
0 2116 2138 1 199 0 2116 2138
0 1525 3344 1 96 0 1525 3344
0 1731 2924 1 30 0 1731 2924
0 2620 1110 1 109 0 2620 1110
0 1762 2860 1 74 0 1762 2860
0 2775 794 1 131 0 2775 794
0 1150 4110 1 2 0 1150 4110
0 2427 1504 1 15 0 2427 1504
0 2676 996 1 101 0 2676 996
0 3081 170 1 92 0 3081 170
-1
14 20
0 2459 3756 1 56 0 2459 3756
0 2650 3368 1 145 0 2650 3368
0 3314 2012 1 145 0 3314 2012
0 3232 2180 1 150 0 3232 2180
0 3381 1876 1 183 0 3381 1876
0 3074 2502 1 153 0 3074 2502
0 2583 3504 1 44 0 2583 3504
0 1697 5312 1 15 0 1697 5312
0 3605 1418 1 196 0 3605 1418
0 3467 1700 1 53 0 3467 1700
0 3227 2190 1 97 0 3227 2190
0 2644 3380 1 131 0 2644 3380
0 3749 1126 1 173 0 3749 1126
0 0 0 0
0 2076 4538 1 75 0 2076 4538
0 4243 118 1 80 0 4243 118
0 4279 44 1 183 0 4279 44
0 2504 3664 1 90 0 2504 3664
0 2235 4214 1 178 0 2235 4214
0 2134 4420 1 32 0 2134 4420
-1
9 22
0 3041 386 1 64 0 3041 386
0 1474 3582 1 114 0 1474 3582
0 2029 2450 1 46 0 2029 2450
0 2458 1574 1 193 0 2458 1574
0 2620 1244 1 175 0 2620 1244
0 1871 2772 1 30 0 1871 2772
0 0 0 0
0 3213 34 1 143 0 3213 34
0 2669 1144 1 180 0 2669 1144
0 2650 1184 1 126 0 2650 1184
0 2664 1154 1 154 0 2664 1154
0 0 0 0
0 3194 74 1 200 0 3194 74
0 1107 4330 1 154 0 1107 4330
0 1622 3280 1 199 0 1622 3280
0 2539 1410 1 105 0 2539 1410
0 2767 944 1 22 0 2767 944
0 1793 2932 1 154 0 1793 2932
0 2896 682 1 82 0 2896 682
0 1832 2852 1 190 0 1832 2852
0 1578 3370 1 11 0 1578 3370
0 2057 2392 1 143 0 2057 2392
-1
12 26
0 1302 856 1 70 0 1302 856
0 1300 862 1 66 0 1300 862
0 1380 698 1 103 0 1380 698
0 729 2026 1 143 0 729 2026
0 1023 1426 1 54 0 1023 1426
0 1171 1124 1 97 0 1171 1124
0 979 1516 1 143 0 979 1516
0 1213 1038 1 178 0 1213 1038
0 1344 772 1 169 0 1344 772
0 1447 562 1 80 0 1447 562
0 1295 872 1 26 0 1295 872
0 805 1870 1 138 0 805 1870
0 1563 324 1 100 0 1563 324
0 676 2134 1 90 0 676 2134
0 651 2184 1 154 0 651 2184
0 1434 588 1 75 0 1434 588
0 1305 850 1 26 0 1305 850
0 616 2256 1 200 0 616 2256
0 1052 1366 1 25 0 1052 1366
0 0 0 0
0 0 0 0
0 1301 858 1 97 0 1301 858
0 1624 200 1 26 0 1624 200
0 1401 654 1 133 0 1401 654
0 1024 1424 1 50 0 1024 1424
0 598 2294 1 90 0 598 2294
-1
13 17
0 1114 1108 1 50 0 1114 1108
0 0 0 0
0 1344 640 1 144 0 1344 640
0 1582 154 1 114 0 1582 154
0 1145 1046 1 26 0 1145 1046
0 1554 210 1 67 0 1554 210
0 1110 1116 1 197 0 1110 1116
0 1152 1030 1 199 0 1152 1030
0 921 1502 1 76 0 921 1502
0 1479 364 1 22 0 1479 364
0 1630 56 1 199 0 1630 56
0 1447 430 1 46 0 1447 430
0 867 1612 1 152 0 867 1612
0 1283 764 1 77 0 1283 764
0 1552 214 1 77 0 1552 214
0 1620 76 1 173 0 1620 76
0 934 1476 1 101 0 934 1476
-1
15 16
0 2325 410 1 139 0 2325 410
0 1795 1492 1 114 0 1795 1492
0 1951 1172 1 199 0 1951 1172
0 1745 1594 1 166 0 1745 1594
0 1158 2790 1 73 0 1158 2790
0 1933 1210 1 144 0 1933 1210
0 2455 144 1 114 0 2455 144
0 2235 594 1 30 0 2235 594
0 1168 2770 1 52 0 1168 2770
0 1376 2346 1 190 0 1376 2346
0 2187 692 1 100 0 2187 692
0 2328 404 1 11 0 2328 404
0 1668 1750 1 37 0 1668 1750
0 1823 1434 1 114 0 1823 1434
0 1941 1194 1 50 0 1941 1194
0 2221 622 1 152 0 2221 622
-1
6 22
0 2128 3082 1 3 0 2128 3082
0 2823 1664 1 85 0 2823 1664
0 2761 1790 1 68 0 2761 1790
0 3374 540 1 54 0 3374 540
0 1628 4102 1 67 0 1628 4102
0 2923 1460 1 120 0 2923 1460
0 3068 1164 1 37 0 3068 1164
0 3497 290 1 104 0 3497 290
0 2098 3144 1 74 0 2098 3144
0 2193 2950 1 136 0 2193 2950
0 2860 1588 1 125 0 2860 1588
0 2652 2012 1 103 0 2652 2012
0 1291 4790 1 82 0 1291 4790
0 2227 2880 1 106 0 2227 2880
0 1644 4070 1 68 0 1644 4070
0 2400 2528 1 54 0 2400 2528
0 1668 4020 1 180 0 1668 4020
0 3056 1188 1 28 0 3056 1188
0 2435 2456 1 153 0 2435 2456
0 2891 1526 1 106 0 2891 1526
0 1303 4764 1 84 0 1303 4764
0 2755 1802 1 172 0 2755 1802
-1
8 21
0 2029 1098 1 39 0 2029 1098
0 2500 138 1 52 0 2500 138
0 1542 2092 1 103 0 1542 2092
0 2329 486 1 166 0 2329 486
0 0 0 0
0 2445 250 1 52 0 2445 250
0 2332 480 1 12 0 2332 480
0 2361 420 1 87 0 2361 420
0 2216 716 1 32 0 2216 716
0 1018 3160 1 22 0 1018 3160
0 1585 2004 1 40 0 1585 2004
0 2223 702 1 109 0 2223 702
0 1325 2534 1 143 0 1325 2534
0 2186 778 1 38 0 2186 778
0 2115 922 1 196 0 2115 922
0 2444 252 1 196 0 2444 252
0 1315 2554 1 2 0 1315 2554
0 2027 1102 1 56 0 2027 1102
0 1319 2546 1 109 0 1319 2546
0 2449 242 1 147 0 2449 242
0 1689 1792 1 56 0 1689 1792
-1
10 22
0 1782 1282 1 106 0 1782 1282
0 2216 396 1 47 0 2216 396
0 0 0 0
0 1273 2320 1 85 0 1273 2320
0 1824 1196 1 10 0 1824 1196
0 1163 2544 1 152 0 1163 2544
0 1600 1654 1 85 0 1600 1654
0 2108 616 1 4 0 2108 616
0 1781 1284 1 46 0 1781 1284
0 2245 338 1 55 0 2245 338
0 1774 1298 1 109 0 1774 1298
0 2043 750 1 27 0 2043 750
0 1275 2316 1 128 0 1275 2316
0 1732 1384 1 28 0 1732 1384
0 1298 2270 1 84 0 1298 2270
0 1472 1914 1 95 0 1472 1914
0 0 0 0
0 2170 490 1 175 0 2170 490
0 1662 1526 1 9 0 1662 1526
0 955 2968 1 60 0 955 2968
0 2197 436 1 138 0 2197 436
0 2276 274 1 136 0 2276 274
-1
2 18
0 2513 2252 1 122 0 2513 2252
0 2604 2066 1 117 0 2604 2066
0 2317 2652 1 45 0 2317 2652
0 2674 1924 1 84 0 2674 1924
0 3051 1154 1 71 0 3051 1154
0 3370 504 1 170 0 3370 504
0 2241 2808 1 100 0 2241 2808
0 2915 1432 1 190 0 2915 1432
0 3225 800 1 122 0 3225 800
0 2091 3114 1 28 0 2091 3114
0 2114 3066 1 100 0 2114 3066
0 0 0 0
0 3549 140 1 200 0 3549 140
0 1363 4598 1 22 0 1363 4598
0 1908 3486 1 170 0 1908 3486
0 2210 2870 1 64 0 2210 2870
0 2733 1804 1 85 0 2733 1804
0 1266 4796 1 180 0 1266 4796
-1
