8 20
0 2166 674 1 941 0 2166 674
0 1264 3976 2 488 0 1264 3974 1141 0 0 2
0 2111 876 1 566 0 2111 876
0 905 5289 1 960 0 905 5289
0 1705 2361 1 880 0 1705 2361
0 2075 1008 1 750 0 2075 1008
0 1576 2834 1 328 0 1576 2834
0 1917 1585 1 597 0 1917 1585
0 1578 2825 1 180 0 1578 2825
0 1651 2559 1 587 0 1651 2559
0 1668 2497 1 676 0 1668 2497
0 2307 157 1 954 0 2307 157
0 1680 2453 1 668 0 1680 2453
0 940 5161 1 914 0 940 5161
0 2339 40 1 181 0 2339 40
0 2340 38 1 755 0 2340 38
0 1971 1387 1 456 0 1971 1387
0 1784 2072 1 180 0 1784 2072
0 2343 27 1 75 0 2343 27
0 1931 1534 1 984 0 1931 1534
-1
11 24
0 1196 334 1 335 0 1196 334
0 916 1359 1 1030 0 916 1359
0 1212 276 1 722 0 1212 276
0 889 1459 2 601 0 889 1457 633 0 0 2
0 1279 31 1 209 0 1279 31
0 1062 825 1 352 0 1062 825
0 1282 19 1 773 0 1282 19
0 656 2310 1 517 0 656 2310
0 1232 204 2 633 0 0 2 68 0 1232 202
0 1270 63 1 1131 0 1270 63
0 1203 308 1 32 0 1203 308
0 1233 200 1 317 0 1233 200
0 1210 284 2 804 0 1210 282 226 0 0 2
0 647 2344 1 344 0 647 2344
0 636 2385 1 827 0 636 2385
0 517 2819 1 1072 0 517 2819
0 1127 587 1 972 0 1127 587
0 1232 204 2 258 0 1232 202 480 0 0 2
0 486 2934 1 739 0 486 2934
0 974 1148 2 226 0 0 2 198 0 974 1146
0 843 1627 1 254 0 843 1627
0 506 2859 1 555 0 506 2859
0 439 3104 1 379 0 439 3104
0 501 2878 1 297 0 501 2878
-1
18 18
0 918 4646 1 31 0 918 4646
0 1319 3178 1 287 0 1319 3178
0 2030 576 1 278 0 2030 576
0 1758 1570 1 498 0 1758 1570
0 1830 1308 1 610 0 1830 1308
0 2174 50 2 622 0 2174 48 633 0 0 2
0 792 5106 1 192 0 792 5106
0 1521 2440 2 1166 0 1521 2438 99 0 0 2
0 936 4580 1 876 0 936 4580
0 1910 1016 2 232 0 0 2 467 0 1910 1014
0 791 5110 1 847 0 791 5110
0 900 4712 1 579 0 900 4712
0 978 4427 2 753 0 978 4425 232 0 0 2
0 1053 4151 1 772 0 1053 4151
0 1028 4244 2 490 0 1028 4242 887 0 0 2
0 1245 3450 2 653 0 1245 3448 528 0 0 2
0 1999 689 1 1168 0 1999 689
0 2119 251 1 264 0 2119 251
-1
19 19
0 2035 1753 1 1019 0 2035 1753
0 879 5985 1 459 0 879 5985
0 2280 857 1 849 0 2280 857
0 2304 770 1 1192 0 2304 770
0 1756 2774 1 356 0 1756 2774
0 1907 2221 1 367 0 1907 2221
0 2219 1080 1 1153 0 2219 1080
0 2017 1819 1 567 0 2017 1819
0 1606 3323 1 655 0 1606 3323
0 1899 2251 1 72 0 1899 2251
0 1150 4993 1 1121 0 1150 4993
0 1445 3912 1 105 0 1445 3912
0 1527 3612 1 893 0 1527 3612
0 1669 3093 1 503 0 1669 3093
0 1319 4374 1 559 0 1319 4374
0 2083 1578 1 975 0 2083 1578
0 1537 3576 1 363 0 1537 3576
0 2200 1151 1 48 0 2200 1151
0 935 5778 1 536 0 935 5778
-1
20 23
0 936 491 1 1003 0 936 491
0 1020 182 1 980 0 1020 182
0 576 1808 1 747 0 576 1808
0 608 1691 1 310 0 608 1691
0 640 1574 1 158 0 640 1574
0 854 791 1 531 0 854 791
0 707 1329 2 1060 0 0 2 1078 0 707 1327
0 793 1014 1 1085 0 793 1014
0 481 2155 1 378 0 481 2155
0 649 1540 1 1105 0 649 1540
0 716 1295 1 987 0 716 1295
0 390 2489 1 1094 0 390 2489
0 775 1080 1 794 0 775 1080
0 458 2240 1 535 0 458 2240
0 955 421 1 537 0 955 421
0 464 2217 1 603 0 464 2217
0 1043 100 1 335 0 1043 100
0 539 1944 2 970 0 539 1942 387 0 0 2
0 690 1391 1 980 0 690 1391
0 681 1423 1 856 0 681 1423
0 1060 36 1 894 0 1060 36
0 686 1406 1 32 0 686 1406
0 853 793 1 159 0 853 793
-1
22 19
0 819 612 1 19 0 819 612
0 635 1285 1 926 0 635 1285
0 398 2153 1 408 0 398 2153
0 855 480 1 377 0 855 480
0 768 799 2 236 0 767 797 92 0 1 2
0 844 521 1 610 0 844 521
0 774 776 1 419 0 774 776
0 639 1270 1 26 0 639 1270
0 584 1472 1 93 0 584 1472
0 580 1487 1 586 0 580 1487
0 520 1706 1 545 0 520 1706
0 650 1231 1 1034 0 650 1231
0 726 953 1 1079 0 726 953
0 729 942 1 881 0 729 942
0 739 906 2 127 0 739 904 15 0 0 2
0 544 1619 1 376 0 544 1619
0 737 912 1 602 0 737 912
0 349 2331 1 912 0 349 2331
0 985 4 1 26 0 985 4
-1
27 22
0 1342 338 1 656 0 1342 338
0 0 0 0
0 1315 438 1 1094 0 1315 438
0 1126 1129 1 1173 0 1126 1129
0 1365 255 1 722 0 1365 255
0 1225 768 1 349 0 1225 768
0 923 1872 1 854 0 923 1872
0 1177 942 1 1111 0 1177 942
0 1092 1253 1 179 0 1092 1253
0 799 2325 1 433 0 799 2325
0 508 3391 1 553 0 508 3391
0 840 2176 1 54 0 840 2176
0 526 3325 1 75 0 526 3325
0 986 1642 1 483 0 986 1642
0 559 3204 1 508 0 559 3204
0 943 1800 1 36 0 943 1800
0 1063 1359 1 835 0 1063 1359
0 790 2359 1 92 0 790 2359
0 523 3336 1 235 0 523 3336
0 1249 678 1 778 0 1249 678
0 748 2512 1 968 0 748 2512
0 636 2923 1 296 0 636 2923
-1
31 22
0 505 2891 1 764 0 505 2891
0 1164 480 2 308 0 1164 478 392 0 0 2
0 1122 634 1 274 0 1122 634
0 1246 178 1 672 0 1246 178
0 1278 61 1 170 0 1278 61
0 1105 695 1 712 0 1105 695
0 596 2559 2 15 0 0 2 167 0 596 2557
0 935 1317 1 975 0 935 1317
0 883 1508 1 842 0 883 1508
0 1000 1080 1 631 0 1000 1080
0 435 3146 1 142 0 435 3146
0 719 2108 1 998 0 719 2108
0 1261 125 1 26 0 1261 125
0 967 1200 1 1106 0 967 1200
0 758 1965 1 597 0 758 1965
0 948 1270 1 817 0 948 1270
0 806 1789 1 534 0 806 1789
0 834 1687 1 676 0 834 1687
0 1055 878 1 505 0 1055 878
0 586 2595 1 549 0 586 2595
0 500 2910 1 998 0 500 2910
0 1168 465 1 1072 0 1168 465
-1
38 19
0 1550 385 1 190 0 1550 385
0 1568 319 1 1072 0 1568 319
0 807 3102 1 617 0 807 3102
0 1134 1906 1 854 0 1134 1906
0 1642 48 2 1001 0 0 2 621 0 1642 46
0 1041 2246 1 1080 0 1041 2246
0 1107 2004 1 963 0 1107 2004
0 793 3155 1 816 0 793 3155
0 1536 436 1 778 0 1536 436
0 1215 1610 2 562 0 1214 1610 943 0 1 0
0 962 2536 1 1038 0 962 2536
0 1275 1391 2 587 0 1274 1391 348 0 1 0
0 646 3693 2 225 0 646 3691 911 0 0 2
0 710 3459 2 516 0 710 3457 1073 0 0 2
0 1463 702 1 283 0 1463 702
0 1184 1723 1 841 0 1184 1723
0 1394 955 1 825 0 1394 955
0 793 3155 1 72 0 793 3155
0 1347 1127 1 14 0 1347 1127
-1
40 21
0 1356 5521 1 826 0 1356 5521
0 1882 3595 1 672 0 1882 3595
0 1931 3417 1 93 0 1931 3417
0 2462 1474 1 768 0 2462 1474
0 1131 6344 1 590 0 1131 6344
0 2774 331 1 296 0 2774 331
0 2098 2806 2 1193 0 0 2 442 0 2098 2804
0 1215 6038 1 601 0 1215 6038
0 2645 804 1 652 0 2645 804
0 2159 2582 1 458 0 2159 2582
0 1772 4000 1 1144 0 1772 4000
0 2471 1442 2 1064 0 2471 1440 633 0 0 2
0 2435 1572 1 798 0 2435 1572
0 1962 3304 1 689 0 1962 3304
0 0 0 0
0 1458 5148 1 239 0 1458 5148
0 2167 2553 1 1097 0 2167 2553
0 1023 6740 1 972 0 1023 6740
0 2196 2446 1 1107 0 2196 2446
0 1559 4778 1 377 0 1559 4778
0 2568 1087 1 377 0 2568 1087
-1
33 21
0 2718 691 1 247 0 2718 691
0 1157 6402 1 141 0 1157 6402
0 1951 3497 1 689 0 1951 3497
0 2644 961 2 229 0 0 2 327 0 2644 959
0 1499 5151 1 142 0 1499 5151
0 2653 927 1 972 0 2653 927
0 1655 4580 1 1086 0 1655 4580
0 1597 4793 2 403 0 1596 4793 943 0 1 0
0 2858 178 1 983 0 2858 178
0 1980 3391 1 954 0 1980 3391
0 1852 3859 2 1170 0 1852 3857 777 0 0 2
0 2828 287 1 556 0 2828 287
0 2834 265 1 882 0 2834 265
0 1954 3487 1 423 0 1954 3487
0 1829 3944 1 1007 0 1829 3944
0 2311 2180 1 886 0 2311 2180
0 1168 6363 1 627 0 1168 6363
0 1849 3870 1 1196 0 1849 3870
0 1274 5974 1 819 0 1274 5974
0 2619 1053 1 1007 0 2619 1053
0 2101 2948 1 249 0 2101 2948
-1
16 20
0 960 310 2 700 0 960 308 1108 0 0 2
0 1008 134 1 774 0 1008 134
0 749 1082 2 620 0 0 2 137 0 749 1080
0 886 580 1 191 0 886 580
0 853 700 1 269 0 853 700
0 480 2065 1 377 0 480 2065
0 916 470 2 828 0 0 2 232 0 916 468
0 580 1700 1 679 0 580 1700
0 833 774 1 191 0 833 774
0 765 1023 1 48 0 765 1023
0 477 2076 1 912 0 477 2076
0 822 814 1 1082 0 822 814
0 580 1700 1 587 0 580 1700
0 764 1025 1 1144 0 764 1025
0 467 2112 1 1064 0 467 2112
0 821 817 1 984 0 821 817
0 646 1459 2 226 0 0 2 332 0 646 1457
0 931 416 2 850 0 931 414 238 0 0 2
0 433 2238 1 703 0 433 2238
0 627 1527 1 774 0 627 1527
-1
17 20
0 895 2131 1 493 0 895 2131
0 885 2168 1 19 0 885 2168
0 959 1897 1 301 0 959 1897
0 1408 255 1 39 0 1408 255
0 0 0 0
0 821 2402 1 235 0 821 2402
0 1316 591 1 1160 0 1316 591
0 521 3500 1 217 0 521 3500
0 1256 810 1 1146 0 1256 810
0 1385 338 1 590 0 1385 338
0 500 3578 1 610 0 500 3578
0 626 3117 1 355 0 626 3117
0 785 2534 1 516 0 785 2534
0 1201 1012 1 1139 0 1201 1012
0 1257 806 1 493 0 1257 806
0 1359 434 1 579 0 1359 434
0 907 2089 2 1052 0 907 2087 633 0 0 2
0 1197 1027 1 1037 0 1197 1027
0 1146 1212 1 18 0 1146 1212
0 1374 378 1 601 0 1374 378
-1
29 23
0 1060 78 1 711 0 1060 78
0 1066 57 1 550 0 1066 57
0 694 1419 1 313 0 694 1419
0 869 778 1 329 0 869 778
0 822 951 1 136 0 822 951
0 938 525 1 470 0 938 525
0 517 2065 1 254 0 517 2065
0 841 880 1 239 0 841 880
0 0 0 0
0 466 2253 1 383 0 466 2253
0 624 1674 1 282 0 624 1674
0 1017 236 1 1153 0 1017 236
0 778 1110 1 65 0 778 1110
0 706 1374 1 1200 0 706 1374
0 745 1231 1 243 0 745 1231
0 982 365 2 226 0 0 2 450 0 982 363
0 770 1140 1 1158 0 770 1140
0 424 2406 1 831 0 424 2406
0 527 2029 1 401 0 527 2029
0 980 372 1 657 0 980 372
0 597 1774 1 52 0 597 1774
0 404 2480 1 81 0 404 2480
0 1034 174 1 446 0 1034 174
-1
21 21
0 1231 333 2 432 0 0 4 779 0 1231 329
0 973 1276 1 711 0 973 1276
0 1131 699 2 928 0 1131 697 345 0 0 2
0 765 2038 1 475 0 765 2038
0 1102 804 1 473 0 1102 804
0 695 2293 1 1107 0 695 2293
0 1240 300 1 447 0 1240 300
0 531 2893 1 536 0 531 2893
0 1291 112 1 57 0 1291 112
0 1281 150 2 55 0 1281 148 361 0 0 2
0 0 0 0
0 1014 1127 2 246 0 0 2 553 0 1014 1125
0 1080 885 1 276 0 1080 885
0 782 1974 1 938 0 782 1974
0 1008 1148 1 408 0 1008 1148
0 809 1876 1 446 0 809 1876
0 1258 234 1 186 0 1258 234
0 524 2919 1 466 0 524 2919
0 988 1221 1 239 0 988 1221
0 754 2078 1 377 0 754 2078
0 1030 1068 1 377 0 1030 1068
-1
14 21
0 1418 3425 1 756 0 1418 3425
0 1729 2287 1 170 0 1729 2287
0 1132 4472 2 815 0 1132 4470 925 0 0 2
0 2270 306 1 167 0 2270 306
0 2059 1078 1 742 0 2059 1078
0 2123 844 1 788 0 2123 844
0 1613 2710 1 1056 0 1613 2710
0 1432 3372 1 821 0 1432 3372
0 1733 2272 1 316 0 1733 2272
0 2044 1134 1 330 0 2044 1134
0 1170 4331 1 602 0 1170 4331
0 1953 1467 2 1149 0 1953 1465 850 0 0 2
0 1140 4442 1 40 0 1140 4442
0 1479 3202 1 785 0 1479 3202
0 849 5506 1 841 0 849 5506
0 1389 3531 2 1028 0 0 2 552 0 1389 3529
0 893 5346 1 532 0 893 5346
0 2257 355 2 735 0 0 2 1051 0 2257 353
0 1010 4917 1 190 0 1010 4917
0 1957 1451 1 581 0 1957 1451
0 1270 3965 1 974 0 1270 3965
-1
32 18
0 1443 4355 1 1191 0 1443 4355
0 1396 4525 1 794 0 1396 4525
0 2410 816 2 65 0 2410 814 650 0 0 2
0 1121 5533 2 506 0 0 2 622 0 1121 5531
0 2576 208 1 260 0 2576 208
0 1166 5368 1 804 0 1166 5368
0 2264 1350 2 1197 0 0 2 1049 0 2264 1348
0 1523 4061 1 1153 0 1523 4061
0 1560 3927 2 199 0 0 2 1162 0 1560 3925
0 2512 442 1 75 0 2512 442
0 2046 2148 2 584 0 2046 2146 186 0 0 2
0 2351 1031 1 310 0 2351 1031
0 2503 474 1 794 0 2503 474
0 1597 3791 1 97 0 1597 3791
0 1983 2378 1 142 0 1983 2378
0 2372 955 1 242 0 2372 955
0 2407 825 1 993 0 2407 825
0 1171 5348 1 993 0 1171 5348
-1
5 22
0 1796 2672 1 550 0 1796 2672
0 1435 3995 2 238 0 0 2 727 0 1435 3993
0 1370 4233 2 97 0 1370 4231 226 0 0 2
0 2470 206 1 265 0 2470 206
0 1521 3678 1 363 0 1521 3678
0 2275 921 1 1090 0 2275 921
0 1759 2808 1 997 0 1759 2808
0 930 5842 1 1155 0 930 5842
0 2396 478 2 1068 0 0 2 1149 0 2396 476
0 1653 3195 1 17 0 1653 3195
0 1655 3189 1 907 0 1655 3189
0 2390 500 1 680 0 2390 500
0 2373 561 1 208 0 2373 561
0 2033 1806 1 367 0 2033 1806
0 1322 4408 1 1109 0 1322 4408
0 1579 3468 1 309 0 1579 3468
0 2254 997 1 799 0 2254 997
0 1895 2310 1 209 0 1895 2310
0 1342 4334 1 1013 0 1342 4334
0 1808 2629 1 440 0 1808 2629
0 1199 4857 1 1090 0 1199 4857
0 2519 27 1 367 0 2519 27
-1
30 22
0 2105 2219 1 355 0 2105 2219
0 1848 3159 1 744 0 1848 3159
0 1329 5059 1 687 0 1329 5059
0 2022 2523 1 138 0 2022 2523
0 2487 821 1 891 0 2487 821
0 1658 3855 1 297 0 1658 3855
0 2261 1648 1 1090 0 2261 1648
0 2573 506 1 204 0 2573 506
0 2674 136 1 893 0 2674 136
0 2139 2095 2 171 0 2139 2093 178 0 0 2
0 2330 1395 1 1057 0 2330 1395
0 2184 1929 1 202 0 2184 1929
0 2160 2017 1 513 0 2160 2017
0 2213 1823 1 543 0 2213 1823
0 2447 968 1 555 0 2447 968
0 1930 2859 1 136 0 1930 2859
0 1306 5142 1 1026 0 1306 5142
0 997 6274 1 852 0 997 6274
0 934 6504 1 450 0 934 6504
0 2535 646 2 911 0 0 2 742 0 2535 644
0 1784 3393 1 844 0 1784 3393
0 1844 3174 1 363 0 1844 3174
-1
39 20
0 850 293 1 995 0 850 293
0 896 125 2 987 0 896 123 982 0 0 2
0 599 1210 1 36 0 599 1210
0 792 504 1 1109 0 792 504
0 689 880 1 1025 0 689 880
0 648 1031 1 811 0 648 1031
0 436 1808 1 120 0 436 1808
0 357 2097 2 922 0 0 2 968 0 357 2095
0 675 933 2 828 0 0 2 1106 0 675 931
0 566 1331 1 943 0 566 1331
0 876 197 1 438 0 876 197
0 318 2240 1 438 0 318 2240
0 891 142 1 283 0 891 142
0 930 0 1 18 0 930 0
0 920 36 1 1153 0 920 36
0 778 555 1 159 0 778 555
0 896 125 2 828 0 0 2 817 0 896 123
0 746 672 1 239 0 746 672
0 375 2031 1 201 0 375 2031
0 758 629 1 579 0 758 629
-1
26 20
0 851 4676 1 1035 0 851 4676
0 1985 527 2 62 0 1985 525 246 0 0 2
0 1918 772 2 903 0 1 0 1145 0 1917 772
0 740 5082 1 758 0 740 5082
0 1101 3761 1 600 0 1101 3761
0 979 4208 1 820 0 979 4208
0 916 4438 2 957 0 916 4434 732 0 0 4
0 1769 1317 1 341 0 1769 1317
0 1281 3102 1 893 0 1281 3102
0 1377 2751 1 865 0 1377 2751
0 2022 391 1 251 0 2022 391
0 1290 3070 1 370 0 1290 3070
0 811 4823 1 1042 0 811 4823
0 1410 2629 1 61 0 1410 2629
0 0 0 0
0 737 5093 1 1035 0 737 5093
0 1000 4131 1 838 0 1000 4131
0 2010 434 1 254 0 2010 434
0 1620 1861 1 787 0 1620 1861
0 1824 1114 1 687 0 1824 1114
-1
2 22
0 1438 3859 1 508 0 1438 3859
0 1045 5299 2 298 0 0 2 713 0 1045 5297
0 1321 4287 1 45 0 1321 4287
0 2326 610 1 135 0 2326 610
0 2360 485 1 163 0 2360 485
0 2432 221 1 1085 0 2432 221
0 2486 25 1 887 0 2486 25
0 1609 3234 1 111 0 1609 3234
0 1671 3008 2 982 0 0 2 159 0 1671 3006
0 2003 1791 1 113 0 2003 1791
0 2331 591 1 398 0 2331 591
0 2362 478 1 352 0 2362 478
0 1132 4980 2 353 0 0 2 594 0 1132 4978
0 1350 4182 1 1079 0 1350 4182
0 1851 2348 1 208 0 1851 2348
0 1923 2085 1 844 0 1923 2085
0 1255 4529 1 333 0 1255 4529
0 2323 621 1 1082 0 2323 621
0 2454 142 1 1066 0 2454 142
0 2261 848 1 998 0 2261 848
0 834 6070 1 1072 0 834 6070
0 1448 3823 1 1072 0 1448 3823
-1
12 24
0 1098 1061 1 849 0 1098 1061
0 1134 929 1 508 0 1134 929
0 1206 667 2 699 0 1206 665 923 0 0 2
0 1304 308 1 565 0 1304 308
0 1305 304 1 1173 0 1305 304
0 615 2829 1 617 0 615 2829
0 1100 1055 1 467 0 1100 1055
0 1103 1042 1 938 0 1103 1042
0 1171 793 1 1082 0 1171 793
0 1309 289 1 508 0 1309 289
0 1114 1002 1 450 0 1114 1002
0 0 0 0
0 676 2606 1 217 0 676 2606
0 0 0 0
0 662 2657 1 18 0 662 2657
0 596 2897 1 297 0 596 2897
0 789 2193 2 640 0 789 2191 480 0 0 2
0 599 2887 1 1119 0 599 2887
0 1270 431 1 18 0 1270 431
0 657 2674 1 827 0 657 2674
0 852 1961 1 799 0 852 1961
0 1041 1270 1 335 0 1041 1270
0 1123 970 1 1144 0 1123 970
0 1082 1119 1 363 0 1082 1119
-1
25 17
0 1295 889 1 772 0 1295 889
0 1072 1706 1 647 0 1072 1706
0 1341 721 1 534 0 1341 721
0 1502 131 1 560 0 1502 131
0 699 3070 1 1025 0 699 3070
0 1070 1714 2 627 0 1069 1714 78 0 1 0
0 1038 1831 2 387 0 0 2 162 0 1038 1829
0 1514 89 2 127 0 1514 87 1193 0 0 2
0 900 2336 1 960 0 900 2336
0 965 2097 1 932 0 965 2097
0 1128 1500 1 184 0 1128 1500
0 1226 1142 1 800 0 1226 1142
0 603 3421 1 245 0 603 3421
0 894 2357 1 1026 0 894 2357
0 1153 1408 1 772 0 1153 1408
0 1306 850 2 129 0 0 2 1026 0 1306 848
0 1076 1691 1 91 0 1076 1691
-1
9 21
0 1998 1553 2 364 0 1998 1551 983 0 0 2
0 2194 836 1 164 0 2194 836
0 1119 4770 1 131 0 1119 4770
0 1377 3825 2 415 0 0 0 841 0 1377 3825
0 1710 2606 1 227 0 1710 2606
0 2220 740 1 415 0 2220 740
0 1135 4710 1 40 0 1135 4710
0 1421 3663 1 876 0 1421 3663
0 1398 3748 1 920 0 1398 3748
0 1620 2936 1 972 0 1620 2936
0 2098 1187 1 258 0 2098 1187
0 1183 4536 1 817 0 1183 4536
0 1986 1597 1 601 0 1986 1597
0 2411 42 1 56 0 2411 42
0 2324 359 1 1048 0 2324 359
0 1722 2563 1 124 0 1722 2563
0 1238 4334 1 926 0 1238 4334
0 1230 4363 1 1146 0 1230 4363
0 1026 5110 1 191 0 1026 5110
0 1998 1553 1 269 0 1998 1553
0 987 5253 1 1115 0 987 5253
-1
24 21
0 795 5327 1 209 0 795 5327
0 1619 2312 1 626 0 1619 2312
0 2155 351 1 1175 0 2155 351
0 1770 1759 1 428 0 1770 1759
0 1393 3140 1 1112 0 1393 3140
0 1700 2017 1 439 0 1700 2017
0 915 4889 1 179 0 915 4889
0 2199 189 1 831 0 2199 189
0 1055 4376 1 5 0 1055 4376
0 2231 72 1 647 0 2231 72
0 1289 3519 1 1149 0 1289 3519
0 1977 1002 1 58 0 1977 1002
0 2170 295 1 14 0 2170 295
0 1274 3574 1 1055 0 1274 3574
0 1742 1861 1 235 0 1742 1861
0 1783 1712 1 265 0 1783 1712
0 1538 2608 1 647 0 1538 2608
0 759 5459 1 842 0 759 5459
0 1915 1229 1 956 0 1915 1229
0 1366 3238 1 504 0 1366 3238
0 1718 1951 1 842 0 1718 1951
-1
36 22
0 2076 3029 1 1017 0 2076 3029
0 2596 1127 2 925 0 0 2 423 0 2596 1125
0 2860 161 2 1169 0 0 2 1088 0 2860 159
0 0 0 0
0 2627 1012 1 980 0 2627 1012
0 2063 3076 1 978 0 2063 3076
0 2837 244 1 1125 0 2837 244
0 2243 2419 2 78 0 0 2 175 0 2243 2417
0 2569 1225 1 283 0 2569 1225
0 1099 6604 1 434 0 1099 6604
0 2185 2629 1 367 0 2185 2629
0 2777 463 1 1025 0 2777 463
0 2240 2429 1 819 0 2240 2429
0 1547 4965 1 424 0 1547 4965
0 1359 5653 1 820 0 1359 5653
0 1149 6421 1 1086 0 1149 6421
0 1149 6421 1 189 0 1149 6421
0 1824 3951 1 189 0 1824 3951
0 1996 3323 2 1193 0 0 2 366 0 1996 3321
0 1173 6334 1 711 0 1173 6334
0 1922 3593 1 1037 0 1922 3593
0 1179 6312 1 1125 0 1179 6312
-1
3 22
0 1106 2257 1 328 0 1106 2257
0 969 2759 1 479 0 969 2759
0 1562 589 1 1167 0 1562 589
0 0 0 0
0 1105 2261 1 1010 0 1105 2261
0 1055 2444 1 579 0 1055 2444
0 1512 772 1 628 0 1512 772
0 1194 1934 1 136 0 1194 1934
0 1204 1900 1 110 0 1204 1900
0 1310 1512 2 995 0 0 2 767 0 1310 1510
0 1617 387 1 807 0 1617 387
0 1052 2455 1 856 0 1052 2455
0 1637 314 1 1099 0 1637 314
0 1042 2491 1 268 0 1042 2491
0 1355 1346 1 1048 0 1355 1346
0 1025 2555 1 170 0 1025 2555
0 1722 4 1 316 0 1722 4
0 1594 472 1 550 0 1594 472
0 1550 634 1 34 0 1550 634
0 1441 1031 1 269 0 1441 1031
0 672 3846 1 1052 0 672 3846
0 1584 508 1 1092 0 1584 508
-1
6 21
0 1234 1217 1 249 0 1234 1217
0 766 2929 1 269 0 766 2929
0 1499 246 1 125 0 1499 246
0 815 2751 1 409 0 815 2751
0 1493 270 1 751 0 1493 270
0 1307 950 2 589 0 1307 948 985 0 0 2
0 774 2900 1 306 0 774 2900
0 1432 493 2 911 0 0 2 1061 0 1432 491
0 919 2370 1 1115 0 919 2370
0 917 2378 2 1044 0 0 2 738 0 917 2376
0 1113 1659 1 1083 0 1113 1659
0 1112 1663 1 188 0 1112 1663
0 1535 116 2 411 0 1535 114 1175 0 0 2
0 1464 374 1 858 0 1464 374
0 1043 1917 1 1196 0 1043 1917
0 1161 1485 1 1154 0 1161 1485
0 1274 1070 1 501 0 1274 1070
0 591 3570 1 36 0 591 3570
0 801 2802 1 287 0 801 2802
0 1298 982 1 858 0 1298 982
0 1055 1872 1 1153 0 1055 1872
-1
10 21
0 863 1789 1 799 0 863 1789
0 1121 846 2 1094 0 1121 844 186 0 0 2
0 1259 340 1 1174 0 1259 340
0 961 1431 1 133 0 961 1431
0 998 1295 1 245 0 998 1295
0 501 3114 1 18 0 501 3114
0 562 2891 1 631 0 562 2891
0 0 0 0
0 1130 812 1 832 0 1130 812
0 1248 380 1 795 0 1248 380
0 1017 1227 2 339 0 1017 1225 805 0 0 2
0 896 1668 1 1011 0 896 1668
0 881 1723 1 11 0 881 1723
0 545 2953 1 1019 0 545 2953
0 865 1782 1 209 0 865 1782
0 832 1902 1 193 0 832 1902
0 1125 831 1 1012 0 1125 831
0 1172 659 1 284 0 1172 659
0 1027 1189 1 188 0 1027 1189
0 980 1361 1 1012 0 980 1361
0 0 0 0
-1
37 23
0 1596 436 1 689 0 1596 436
0 1332 1404 2 717 0 1332 1402 755 0 0 2
0 1195 1904 1 481 0 1195 1904
0 1538 648 1 960 0 1538 648
0 1055 2417 1 1109 0 1055 2417
0 1035 2489 1 1116 0 1035 2489
0 1160 2031 1 1144 0 1160 2031
0 925 2893 1 1181 0 925 2893
0 1066 2376 1 1109 0 1066 2376
0 1384 1212 1 1013 0 1384 1212
0 1068 2370 1 917 0 1068 2370
0 1323 1436 1 648 0 1323 1436
0 925 2893 1 447 0 925 2893
0 1292 1550 2 99 0 0 2 315 0 1292 1548
0 1524 700 1 243 0 1524 700
0 1326 1425 1 483 0 1326 1425
0 1203 1876 2 970 0 1203 1874 982 0 0 2
0 1022 2538 1 1085 0 1022 2538
0 1096 2267 2 962 0 0 2 840 0 1096 2265
0 1360 1300 1 343 0 1360 1300
0 1058 2406 1 97 0 1058 2406
0 724 3627 1 914 0 724 3627
0 1266 1644 1 903 0 1266 1644
-1
34 21
0 1772 912 1 876 0 1772 912
0 888 4148 2 700 0 888 4146 1040 0 0 2
0 1991 110 1 132 0 1991 110
0 1326 2544 1 981 0 1326 2544
0 1426 2178 1 1010 0 1426 2178
0 1520 1834 1 1020 0 1520 1834
0 1491 1940 1 509 0 1491 1940
0 907 4076 1 711 0 907 4076
0 1101 3368 1 81 0 1101 3368
0 1667 1295 1 1082 0 1667 1295
0 962 3876 1 781 0 962 3876
0 944 3942 1 1168 0 944 3942
0 1491 1940 1 764 0 1491 1940
0 1097 3382 1 772 0 1097 3382
0 1519 1838 1 396 0 1519 1838
0 1213 2957 1 602 0 1213 2957
0 836 4338 1 474 0 836 4338
0 701 4831 1 251 0 701 4831
0 1721 1097 1 348 0 1721 1097
0 1475 2000 1 72 0 1475 2000
0 845 4304 1 438 0 845 4304
-1
13 19
0 2438 582 1 419 0 2438 582
0 2559 140 1 687 0 2559 140
0 1517 3953 1 265 0 1517 3953
0 2131 1706 1 1030 0 2131 1706
0 2230 1344 1 1199 0 2230 1344
0 2369 836 1 660 0 2369 836
0 1081 5548 1 165 0 1081 5548
0 1976 2274 1 883 0 1976 2274
0 1498 4023 1 535 0 1498 4023
0 1799 2921 1 549 0 1799 2921
0 932 6093 1 398 0 932 6093
0 2282 1155 2 486 0 0 2 364 0 2282 1153
0 1961 2329 1 495 0 1961 2329
0 1375 4474 1 693 0 1375 4474
0 1108 5451 1 532 0 1108 5451
0 1416 4323 1 461 0 1416 4323
0 1244 4953 1 581 0 1244 4953
0 1764 3048 1 907 0 1764 3048
0 1684 3342 1 126 0 1684 3342
-1
15 17
0 2476 1114 1 373 0 2476 1114
0 2022 2776 1 195 0 2022 2776
0 2771 34 1 898 0 2771 34
0 2345 1593 1 613 0 2345 1593
0 1979 2934 1 97 0 1979 2934
0 2021 2780 2 166 0 0 2 217 0 2021 2778
0 1781 3657 1 11 0 1781 3657
0 1673 4053 1 242 0 1673 4053
0 990 6553 1 1012 0 990 6553
0 1120 6076 1 757 0 1120 6076
0 2361 1536 1 721 0 2361 1536
0 1433 4931 1 433 0 1433 4931
0 1178 5863 1 1012 0 1178 5863
0 1470 4795 1 245 0 1470 4795
0 2281 1827 1 1017 0 2281 1827
0 1127 6051 1 33 0 1127 6051
0 1027 6417 1 993 0 1027 6417
-1
35 24
0 985 3463 1 68 0 985 3463
0 1315 2257 1 972 0 1315 2257
0 1733 727 1 1144 0 1733 727
0 1102 3036 1 703 0 1102 3036
0 1082 3110 2 95 0 0 2 1143 0 1082 3108
0 817 4078 1 467 0 817 4078
0 1702 840 1 812 0 1702 840
0 1590 1251 1 665 0 1590 1251
0 1710 812 2 404 0 0 2 109 0 1710 810
0 1354 2114 2 617 0 1354 2114 75 0 0 0
0 1768 600 1 782 0 1768 600
0 1493 1606 1 209 0 1493 1606
0 1739 704 1 1109 0 1739 704
0 1890 153 1 1181 0 1890 153
0 1223 2593 1 1085 0 1223 2593
0 1713 800 1 962 0 1713 800
0 846 3974 2 938 0 846 3972 633 0 0 2
0 1351 2125 1 908 0 1351 2125
0 1527 1480 1 1094 0 1527 1480
0 964 3540 1 914 0 964 3540
0 1047 3238 1 352 0 1047 3238
0 1906 93 1 1116 0 1906 93
0 1124 2955 1 1034 0 1124 2955
0 1258 2465 1 235 0 1258 2465
-1
23 20
0 1660 1527 2 103 0 0 2 6 0 1660 1525
0 814 4623 2 188 0 814 4621 186 0 0 2
0 1912 604 1 972 0 1912 604
0 1353 2648 1 849 0 1353 2648
0 1979 359 1 660 0 1979 359
0 1861 791 1 648 0 1861 791
0 1142 3421 1 241 0 1142 3421
0 1884 706 1 852 0 1884 706
0 1635 1617 1 730 0 1635 1617
0 1690 1417 1 570 0 1690 1417
0 1117 3514 2 362 0 1117 3512 186 0 0 2
0 1831 900 1 772 0 1831 900
0 1530 2002 1 693 0 1530 2002
0 701 5036 1 1181 0 701 5036
0 1362 2617 1 1115 0 1362 2617
0 1763 1150 2 186 0 0 2 473 0 1763 1148
0 1893 674 1 698 0 1893 674
0 1322 2763 1 1168 0 1322 2763
0 1736 1248 1 68 0 1736 1248
0 826 4578 1 689 0 826 4578
-1
4 22
0 231 1325 1 329 0 231 1325
0 529 236 1 916 0 529 236
0 524 253 1 75 0 524 253
0 325 982 1 82 0 325 982
0 591 8 1 987 0 591 8
0 554 144 2 470 0 554 142 99 0 0 2
0 387 755 1 372 0 387 755
0 238 1300 1 1075 0 238 1300
0 503 329 1 911 0 503 329
0 497 353 1 841 0 497 353
0 520 268 1 361 0 520 268
0 373 806 1 58 0 373 806
0 487 389 1 5 0 487 389
0 470 451 1 914 0 470 451
0 573 74 1 495 0 573 74
0 572 78 1 676 0 572 78
0 559 125 1 940 0 559 125
0 552 151 1 240 0 552 151
0 358 861 1 26 0 358 861
0 440 561 1 311 0 440 561
0 437 572 1 366 0 437 572
0 592 4 1 329 0 592 4
-1
28 24
0 484 3480 1 176 0 484 3480
0 977 1676 2 1000 0 977 1674 1141 0 0 2
0 822 2244 1 260 0 822 2244
0 646 2887 1 125 0 646 2887
0 1262 634 1 482 0 1262 634
0 1233 740 1 1027 0 1233 740
0 1371 234 1 587 0 1371 234
0 995 1610 1 657 0 995 1610
0 1334 370 1 1160 0 1334 370
0 1055 1391 1 706 0 1055 1391
0 501 3419 1 181 0 501 3419
0 741 2540 1 347 0 741 2540
0 0 0 0
0 570 3165 1 1131 0 570 3165
0 984 1651 1 1046 0 984 1651
0 1265 623 1 126 0 1265 623
0 1421 51 1 781 0 1421 51
0 1238 721 1 1153 0 1238 721
0 610 3019 1 505 0 610 3019
0 825 2234 1 329 0 825 2234
0 1268 612 1 519 0 1268 612
0 880 2031 1 958 0 880 2031
0 1017 1529 1 216 0 1017 1529
0 1020 1519 1 100 0 1020 1519
-1
7 20
0 927 6506 1 773 0 927 6506
0 1897 2957 1 1107 0 1897 2957
0 2049 2400 1 835 0 2049 2400
0 2046 2410 1 135 0 2046 2410
0 2098 2221 1 909 0 2098 2221
0 1718 3612 1 739 0 1718 3612
0 2057 2370 1 379 0 2057 2370
0 2404 1102 1 333 0 2404 1102
0 0 0 0
0 1969 2693 1 462 0 1969 2693
0 1709 3644 1 849 0 1709 3644
0 1179 5585 1 344 0 1179 5585
0 2573 482 1 452 0 2573 482
0 1131 5759 1 636 0 1131 5759
0 2569 497 1 1141 0 2569 497
0 2396 1129 1 161 0 2396 1129
0 1396 4789 1 501 0 1396 4789
0 2162 1987 1 315 0 2162 1987
0 1874 3040 1 311 0 1874 3040
0 2225 1757 1 56 0 2225 1757
-1
1 21
0 1636 1134 1 975 0 1636 1134
0 1493 1657 1 401 0 1493 1657
0 1922 87 1 935 0 1922 87
0 1504 1617 1 750 0 1504 1617
0 963 3595 1 1146 0 963 3595
0 825 4102 1 747 0 825 4102
0 1891 200 1 188 0 1891 200
0 1244 2568 1 408 0 1244 2568
0 1704 885 1 1013 0 1704 885
0 1739 757 2 361 0 0 2 85 0 1739 755
0 1660 1044 1 753 0 1660 1044
0 1712 855 1 168 0 1712 855
0 1043 3304 1 398 0 1043 3304
0 1348 2187 1 610 0 1348 2187
0 1656 1059 1 202 0 1656 1059
0 992 3489 1 534 0 992 3489
0 1445 1831 1 344 0 1445 1831
0 889 3865 1 960 0 889 3865
0 1916 108 1 506 0 1916 108
0 1678 978 1 283 0 1678 978
0 1367 2117 1 32 0 1367 2117
-1
