1 28
0 19764 103882 1 241 0 19764 103882
0 20582 96357 1 852 0 20582 96357
0 27357 34028 1 128 0 27357 34028
0 26821 38960 1 630 0 26821 38960
0 24948 56191 1 384 0 24948 56191
0 16200 136674 1 181 0 16200 136674
0 17557 124188 1 99 0 17557 124188
0 25302 52934 1 497 0 25302 52934
0 13986 157042 1 647 0 13986 157042
0 30500 5114 1 934 0 30500 5114
0 12710 168780 1 287 0 12710 168780
0 23868 66128 1 936 0 23868 66128
0 26731 39788 1 690 0 26731 39788
0 30887 1551 1 692 0 30887 1551
0 19163 109414 1 939 0 19163 109414
0 18651 114122 1 426 0 18651 114122
0 28106 27137 1 416 0 28106 27137
0 11508 179840 1 614 0 11508 179840
0 13730 159397 1 521 0 13730 159397
0 13663 160014 1 718 0 13663 160014
0 14882 148797 1 493 0 14882 148797
0 16314 135622 1 250 0 16314 135622
0 28041 27734 1 1055 0 28041 27734
0 17144 127988 1 234 0 17144 127988
0 27141 36014 1 1158 0 27141 36014
0 29714 12342 1 689 0 29714 12342
0 25657 49668 1 1042 0 25657 49668
0 19099 110002 1 1078 0 19099 110002
-1
3 29
0 30427 5785 1 387 0 30427 5785
0 0 0 0
0 19647 104960 1 247 0 19647 104960
0 10496 189148 1 33 0 10496 189148
0 15180 146057 1 969 0 15180 146057
0 15786 140482 1 514 0 15786 140482
0 17438 125282 1 165 0 17438 125282
0 18292 117425 1 808 0 18292 117425
0 10820 186168 1 693 0 10820 186168
0 23528 69254 1 683 0 23528 69254
0 19232 108777 1 1143 0 19232 108777
0 23200 72274 1 916 0 23200 72274
0 30409 5951 1 814 0 30409 5951
0 22175 81702 1 1126 0 22175 81702
0 20181 100048 1 738 0 20181 100048
0 29227 16825 1 439 0 29227 16825
0 13776 158974 1 870 0 13776 158974
0 26725 39842 1 284 0 26725 39842
0 27220 35288 1 491 0 27220 35288
0 21428 88574 1 1077 0 21428 88574
0 15155 146285 1 617 0 15155 146285
0 30243 7477 1 126 0 30243 7477
0 28089 27294 1 608 0 28089 27294
0 13152 164714 1 281 0 13152 164714
0 25360 52400 1 1123 0 25360 52400
0 15469 143397 1 1136 0 15469 143397
0 17578 123994 1 890 0 17578 123994
0 12293 172617 1 715 0 12293 172617
0 0 0 0
-1
11 33
0 23465 69834 1 858 0 23465 69834
0 19966 102025 1 264 0 19966 102025
0 25689 49374 1 1116 0 25689 49374
0 27840 29585 1 948 0 27840 29585
0 13053 165625 1 1176 0 13053 165625
0 27985 28251 1 855 0 27985 28251
0 12851 167484 2 575 0 0 2 798 0 12851 167482
0 24103 63965 1 164 0 24103 63965
0 17176 127694 1 909 0 17176 127694
0 20159 100251 1 195 0 20159 100251
0 18893 111897 1 1144 0 18893 111897
0 25146 54368 1 159 0 25146 54368
0 23606 68537 1 705 0 23606 68537
0 30772 2611 1 576 0 30772 2611
0 14993 147777 1 1082 0 14993 147777
0 15631 141908 1 595 0 15631 141908
0 18094 119248 1 494 0 18094 119248
0 20607 96128 1 760 0 20607 96128
0 27901 29022 1 837 0 27901 29022
0 27620 31608 1 584 0 27620 31608
0 13537 161173 2 430 0 13537 161171 575 0 0 2
0 14104 155957 1 46 0 14104 155957
0 16047 138080 1 144 0 16047 138080
0 25321 52760 1 827 0 25321 52760
0 25834 48040 1 1163 0 25834 48040
0 12648 169351 1 72 0 12648 169351
0 29696 12508 1 819 0 29696 12508
0 30405 5985 1 96 0 30405 5985
0 30547 4680 1 908 0 30547 4680
0 0 0 0
0 11372 181091 1 1178 0 11372 181091
0 15039 147354 1 655 0 15039 147354
0 24455 60725 1 153 0 24455 60725
-1
13 30
0 27252 34994 1 1080 0 27252 34994
0 23661 68031 1 620 0 23661 68031
0 18866 112145 1 1150 0 18866 112145
0 25300 52954 1 11 0 25300 52954
0 23413 70314 1 914 0 23413 70314
0 13130 164917 1 1087 0 13130 164917
0 15036 147382 1 216 0 15036 147382
0 18427 116185 1 1187 0 18427 116185
0 23011 74011 1 101 0 23011 74011
0 13861 158191 1 77 0 13861 158191
0 14611 151288 1 179 0 14611 151288
0 22472 78971 1 723 0 22472 78971
0 25718 49108 1 167 0 25718 49108
0 27594 31848 1 638 0 27594 31848
0 16039 138154 1 411 0 16039 138154
0 12456 171117 1 512 0 12456 171117
0 28762 21102 1 1069 0 28762 21102
0 23649 68142 1 1058 0 23649 68142
0 21436 88502 1 415 0 21436 88502
0 27638 31442 1 596 0 27638 31442
0 29311 16051 1 383 0 29311 16051
0 18290 117445 1 106 0 18290 117445
0 22791 76034 1 615 0 22791 76034
0 30674 3511 1 744 0 30674 3511
0 13828 158494 1 673 0 13828 158494
0 28904 19797 1 231 0 28904 19797
0 26908 38160 1 240 0 26908 38160
0 18960 111280 1 880 0 18960 111280
0 18487 115633 2 34 0 18487 115631 575 0 0 2
0 27932 28739 2 288 0 27932 28737 575 0 0 2
-1
14 39
0 11471 180180 1 441 0 11471 180180
0 26685 40211 1 668 0 26685 40211
0 22695 76920 1 1046 0 22695 76920
0 11460 180280 1 465 0 11460 180280
0 19219 108897 1 536 0 19219 108897
0 20208 99800 1 329 0 20208 99800
0 25498 51131 1 407 0 25498 51131
0 25352 52474 1 1172 0 25352 52474
0 10370 190308 1 784 0 10370 190308
0 29569 13677 1 66 0 29569 13677
0 22637 77451 1 451 0 22637 77451
0 20718 95108 1 1169 0 20718 95108
0 19173 109320 1 959 0 19173 109320
0 24129 63725 1 577 0 24129 63725
0 15629 141925 1 752 0 15629 141925
0 23649 68142 1 498 0 23649 68142
0 24176 63294 1 1128 0 24176 63294
0 15676 141494 1 120 0 15676 141494
0 18397 116460 1 301 0 18397 116460
0 23431 70148 1 788 0 23431 70148
0 28445 24020 1 292 0 28445 24020
0 23053 73625 1 69 0 23053 73625
0 12038 174962 1 537 0 12038 174962
0 22662 77222 1 1113 0 22662 77222
0 28768 21048 1 965 0 28768 21048
0 30023 9500 1 141 0 30023 9500
0 21350 89294 1 843 0 21350 89294
0 13337 163011 1 710 0 13337 163011
0 20904 93397 1 771 0 20904 93397
0 17111 128291 1 490 0 17111 128291
0 23859 66211 1 1200 0 23859 66211
0 17369 125917 1 700 0 17369 125917
0 29874 10871 1 869 0 29874 10871
0 18570 114868 1 289 0 18570 114868
0 12584 169940 1 643 0 12584 169940
0 21895 84280 1 1014 0 21895 84280
0 22751 76404 2 793 0 22751 76402 650 0 0 2
0 21708 86000 1 834 0 21708 86000
0 19315 108014 1 935 0 19315 108014
-1
15 38
0 17808 121880 1 131 0 17808 121880
0 15033 147408 1 397 0 15033 147408
0 17213 127354 1 766 0 17213 127354
0 16507 133848 1 543 0 16507 133848
0 23294 71408 1 956 0 23294 71408
0 10970 184788 1 1099 0 10970 184788
0 29481 14488 1 154 0 29481 14488
0 14926 148394 1 313 0 14926 148394
0 29356 15637 1 950 0 29356 15637
0 20487 97231 1 720 0 20487 97231
0 0 0 0
0 25158 54260 1 516 0 25158 54260
0 21500 87914 1 305 0 21500 87914
0 21163 91014 1 628 0 21163 91014
0 23443 70037 1 1012 0 23443 70037
0 23239 71914 1 672 0 23239 71914
0 28473 23760 1 775 0 28473 23760
0 17478 124914 1 386 0 17478 124914
0 29936 10302 1 107 0 29936 10302
0 12354 172056 2 343 0 12354 172054 749 0 0 2
0 22477 78925 1 633 0 22477 78925
0 0 0 0
0 12966 166425 1 1188 0 12966 166425
0 14791 149634 1 1009 0 14791 149634
0 15096 146828 1 1156 0 15096 146828
0 22481 78888 1 1105 0 22481 78888
0 28876 20054 1 197 0 28876 20054
0 15536 142782 1 417 0 15536 142782
0 26087 45711 1 919 0 26087 45711
0 15877 139645 1 1104 0 15877 139645
0 17471 124980 1 73 0 17471 124980
0 29387 15351 1 298 0 29387 15351
0 24031 64628 1 750 0 24031 64628
0 12862 167382 1 680 0 12862 167382
0 26117 45437 1 258 0 26117 45437
0 29162 17422 1 728 0 29162 17422
0 25049 55262 1 327 0 25049 55262
0 23313 71234 1 39 0 23313 71234
-1
20 31
0 15471 143380 1 847 0 15471 143380
0 15551 142642 1 421 0 15551 142642
0 23430 70157 1 1194 0 23430 70157
0 28240 25905 1 515 0 28240 25905
0 15671 141540 1 583 0 15671 141540
0 18113 119074 1 1062 0 18113 119074
0 29947 10200 1 618 0 29947 10200
0 20074 101031 1 89 0 20074 101031
0 10797 186380 1 347 0 10797 186380
0 25665 49594 1 1160 0 25665 49594
0 19451 106762 1 94 0 19451 106762
0 0 0 0
0 12079 174585 1 1193 0 12079 174585
0 29062 18342 1 237 0 29062 18342
0 17935 120711 1 841 0 17935 120711
0 14224 154851 1 245 0 14224 154851
0 19459 106691 1 1006 0 19459 106691
0 30094 8848 1 524 0 30094 8848
0 30191 7954 1 797 0 30191 7954
0 27727 30625 1 558 0 27727 30625
0 30340 6585 1 431 0 30340 6585
0 24111 63891 1 1075 0 24111 63891
0 14428 152974 1 912 0 14428 152974
0 12671 169140 1 1052 0 12671 169140
0 27467 33017 1 953 0 27467 33017
0 19750 104011 1 152 0 19750 104011
0 18047 119680 1 1197 0 18047 119680
0 11173 182920 1 636 0 11173 182920
0 10428 189774 1 941 0 10428 189774
0 21839 84794 1 252 0 21839 84794
0 17375 125862 1 1102 0 17375 125862
-1
21 31
0 27623 31580 1 807 0 27623 31580
0 26833 38848 1 729 0 26833 38848
0 11237 182333 2 1148 0 11237 182331 575 0 0 2
0 12609 169711 1 868 0 12609 169711
0 27096 36428 1 71 0 27096 36428
0 23904 65797 1 867 0 23904 65797
0 19717 104317 1 484 0 19717 104317
0 14467 152617 1 699 0 14467 152617
0 26417 42677 1 894 0 26417 42677
0 23171 72540 1 495 0 23171 72540
0 24840 57185 1 702 0 24840 57185
0 30873 1680 1 971 0 30873 1680
0 14260 154520 1 254 0 14260 154520
0 22210 81380 1 147 0 22210 81380
0 18761 113111 1 762 0 18761 113111
0 30740 2905 1 918 0 30740 2905
0 11567 179297 1 675 0 11567 179297
0 26964 37642 1 863 0 26964 37642
0 20753 94785 1 500 0 20753 94785
0 14753 149985 1 1103 0 14753 149985
0 15294 145008 1 313 0 15294 145008
0 15162 146222 1 960 0 15162 146222
0 20680 95457 1 201 0 20680 95457
0 19480 106497 1 205 0 19480 106497
0 17960 120480 1 1003 0 17960 120480
0 27220 35288 1 118 0 27220 35288
0 30908 1360 1 749 0 30908 1360
0 0 0 0
0 13815 158614 1 366 0 13815 158614
0 27619 31617 1 903 0 27619 31617
0 18580 114777 1 745 0 18580 114777
-1
22 30
0 22847 75520 1 1049 0 22847 75520
0 20088 100902 1 58 0 20088 100902
0 28900 19834 1 1067 0 28900 19834
0 20038 101362 1 1028 0 20038 101362
0 21024 92291 1 21 0 21024 92291
0 21033 92208 1 913 0 21033 92208
0 30674 3511 1 631 0 30674 3511
0 18404 116397 1 427 0 18404 116397
0 27327 34305 1 1039 0 27327 34305
0 30589 4294 1 225 0 30589 4294
0 28910 19740 1 191 0 28910 19740
0 19724 104251 1 68 0 19724 104251
0 20164 100202 1 603 0 20164 100202
0 24584 59540 1 616 0 24584 59540
0 20508 97040 1 372 0 20508 97040
0 29285 16291 1 1122 0 29285 16291
0 16209 136591 1 509 0 16209 136591
0 27857 29428 1 233 0 27857 29428
0 24800 57554 1 991 0 24800 57554
0 20694 95328 1 85 0 20694 95328
0 20952 92954 1 452 0 20952 92954
0 22943 74637 1 995 0 22943 74637
0 13775 158982 1 671 0 13775 158982
0 26641 40614 1 508 0 26641 40614
0 19718 104308 1 412 0 19718 104308
0 14413 153114 1 966 0 14413 153114
0 24927 56385 1 413 0 24927 56385
0 30178 8074 1 1174 0 30178 8074
0 20879 93625 1 825 0 20879 93625
0 22171 81740 1 37 0 22171 81740
-1
23 28
0 20683 95428 1 801 0 20683 95428
0 16512 133802 1 489 0 16512 133802
0 19168 109368 1 970 0 19168 109368
0 18066 119505 1 840 0 18066 119505
0 19253 108585 1 420 0 19253 108585
0 29679 12665 1 586 0 29679 12665
0 25675 49502 1 854 0 25675 49502
0 26542 41527 2 747 0 0 2 963 0 26542 41525
0 24827 57305 1 320 0 24827 57305
0 23472 69771 1 625 0 23472 69771
0 30137 8451 1 227 0 30137 8451
0 23945 65420 1 125 0 23945 65420
0 18287 117471 1 428 0 18287 117471
0 26761 39511 1 171 0 26761 39511
0 24615 59254 1 504 0 24615 59254
0 24134 63680 1 485 0 24134 63680
0 28894 19888 1 270 0 28894 19888
0 15642 141805 1 480 0 15642 141805
0 29772 11811 1 627 0 29772 11811
0 16347 135317 1 223 0 16347 135317
0 16909 130151 1 62 0 16909 130151
0 29422 15031 1 529 0 29422 15031
0 11738 177722 1 79 0 11738 177722
0 29892 10707 2 910 0 29892 10705 22 0 0 2
0 15071 147060 1 95 0 15071 147060
0 17773 122200 1 418 0 17773 122200
0 22144 81988 1 304 0 22144 81988
0 12388 171742 1 1044 0 12388 171742
-1
24 31
0 29104 17957 1 904 0 29104 17957
0 12236 173142 1 98 0 12236 173142
0 13772 159011 1 166 0 13772 159011
0 17379 125825 1 115 0 17379 125825
0 24299 62162 1 985 0 24299 62162
0 29322 15951 1 830 0 29322 15951
0 14109 155911 1 1089 0 14109 155911
0 30801 2342 1 251 0 30801 2342
0 24582 59557 1 978 0 24582 59557
0 21008 92440 1 492 0 21008 92440
0 21475 88142 1 915 0 21475 88142
0 16693 132137 1 388 0 16693 132137
0 25994 46568 1 767 0 25994 46568
0 30921 1240 1 1166 0 30921 1240
0 20416 97885 1 382 0 20416 97885
0 10362 190382 1 823 0 10362 190382
0 11613 178874 1 552 0 11613 178874
0 13982 157077 1 701 0 13982 157077
0 22367 79937 1 781 0 22367 79937
0 27904 28997 1 1041 0 27904 28997
0 17168 127768 1 168 0 17168 127768
0 25269 53237 1 794 0 25269 53237
0 25803 48325 1 879 0 25803 48325
0 0 0 0
0 15777 140565 1 27 0 15777 140565
0 23032 73817 1 1120 0 23032 73817
0 13785 158891 1 338 0 13785 158891
0 27289 34654 1 190 0 27289 34654
0 31007 448 1 1147 0 31007 448
0 23917 65677 1 697 0 23917 65677
0 17813 121834 1 1091 0 17813 121834
-1
28 31
0 27539 32354 1 189 0 27539 32354
0 19554 105817 1 477 0 19554 105817
0 17092 128465 1 842 0 17092 128465
0 22733 76568 1 470 0 22733 76568
0 25260 53320 1 93 0 25260 53320
0 19329 107885 1 468 0 19329 107885
0 23221 72077 1 755 0 23221 72077
0 29332 15857 1 983 0 29332 15857
0 25701 49262 1 940 0 25701 49262
0 27133 36088 1 399 0 27133 36088
0 26506 41857 1 1192 0 26506 41857
0 10821 186160 1 1101 0 10821 186160
0 19258 108540 1 592 0 19258 108540
0 24643 58997 1 102 0 24643 58997
0 15247 145440 1 912 0 15247 145440
0 22786 76082 1 1013 0 22786 76082
0 22127 82145 1 174 0 22127 82145
0 13569 160877 1 602 0 13569 160877
0 26892 38305 1 202 0 26892 38305
0 0 0 0
0 30693 3337 1 24 0 30693 3337
0 15044 147308 1 898 0 15044 147308
0 18365 116754 1 365 0 18365 116754
0 23497 69540 1 1175 0 23497 69540
0 29669 12757 1 907 0 29669 12757
0 27725 30642 1 453 0 27725 30642
0 19431 106948 1 257 0 19431 106948
0 20193 99937 1 691 0 20193 99937
0 16066 137905 1 455 0 16066 137905
0 0 0 0
0 0 0 0
-1
30 27
0 0 0 0
0 16124 137371 1 777 0 16124 137371
0 20453 97545 1 776 0 20453 97545
0 13815 158614 1 323 0 13815 158614
0 13180 164454 1 435 0 13180 164454
0 0 0 0
0 15005 147665 1 559 0 15005 147665
0 22599 77802 1 900 0 22599 77802
0 19928 102374 1 822 0 19928 102374
0 25469 51397 1 1107 0 25469 51397
0 25749 48822 1 513 0 25749 48822
0 18684 113820 1 532 0 18684 113820
0 29415 15094 1 377 0 29415 15094
0 15140 146425 1 1173 0 15140 146425
0 29228 16814 1 722 0 29228 16814
0 18676 113894 1 1114 0 18676 113894
0 16601 132984 2 575 0 0 2 1168 0 16601 132982
0 13905 157785 1 236 0 13905 157785
0 15106 146737 1 170 0 15106 146737
0 15903 139405 1 667 0 15903 139405
0 13821 158560 1 261 0 13821 158560
0 20230 99597 1 712 0 20230 99597
0 25879 47625 1 665 0 25879 47625
0 10902 185414 1 644 0 10902 185414
0 13606 160537 1 116 0 13606 160537
0 30617 4037 1 434 0 30617 4037
0 23207 72208 1 961 0 23207 72208
-1
34 34
0 16467 134217 1 1096 0 16467 134217
0 29557 13788 1 579 0 29557 13788
0 12734 168560 1 1036 0 12734 168560
0 17292 126625 1 471 0 17292 126625
0 23785 66891 1 45 0 23785 66891
0 23068 73488 1 676 0 23068 73488
0 15330 144677 1 707 0 15330 144677
0 16639 132634 1 368 0 16639 132634
0 0 0 0
0 26098 45611 1 180 0 26098 45611
0 12030 175037 1 285 0 12030 175037
0 15581 142368 1 1016 0 15581 142368
0 18321 117160 1 229 0 18321 117160
0 18686 113802 1 136 0 18686 113802
0 25540 50745 1 221 0 25540 50745
0 26743 39677 1 924 0 26743 39677
0 21775 85382 1 546 0 21775 85382
0 23918 65668 1 897 0 23918 65668
0 18662 114022 1 679 0 18662 114022
0 22070 82668 1 319 0 22070 82668
0 27654 31297 1 6 0 27654 31297
0 20753 94785 1 308 0 20753 94785
0 26061 45951 1 803 0 26061 45951
0 16358 135220 1 976 0 16358 135220
0 24027 64665 1 176 0 24027 64665
0 14659 150851 1 725 0 14659 150851
0 16063 137934 1 773 0 16063 137934
0 22062 82742 1 853 0 22062 82742
0 23853 66265 1 1059 0 23853 66265
0 24110 63900 1 955 0 24110 63900
0 21298 89771 1 255 0 21298 89771
0 15380 144217 1 86 0 15380 144217
0 12137 174051 1 770 0 12137 174051
0 23157 72668 1 716 0 23157 72668
-1
35 30
0 15248 145431 1 475 0 15248 145431
0 20010 101620 1 1153 0 20010 101620
0 19947 102200 1 297 0 19947 102200
0 24720 58288 1 885 0 24720 58288
0 25920 47248 1 25 0 25920 47248
0 19103 109965 1 1145 0 19103 109965
0 29421 15040 1 246 0 29421 15040
0 11970 175588 1 462 0 11970 175588
0 15326 144714 1 425 0 15326 144714
0 20591 96274 1 238 0 20591 96274
0 20686 95402 1 1040 0 20686 95402
0 28064 27522 1 860 0 28064 27522
0 29165 17394 1 173 0 29165 17394
0 14662 150822 1 724 0 14662 150822
0 13707 159605 1 1030 0 13707 159605
0 21523 87700 1 1021 0 21523 87700
0 30922 1231 1 22 0 30922 1231
0 22260 80920 1 279 0 22260 80920
0 15520 142928 1 60 0 15520 142928
0 15688 141382 1 135 0 15688 141382
0 22436 79302 1 1170 0 22436 79302
0 20176 100094 1 802 0 20176 100094
0 29787 11671 1 993 0 29787 11671
0 19970 101988 1 518 0 19970 101988
0 21637 86651 1 75 0 21637 86651
0 25052 55234 1 535 0 25052 55234
0 15757 140748 1 520 0 15757 140748
0 16140 137225 1 1092 0 16140 137225
0 11945 175820 1 969 0 11945 175820
0 28751 21202 1 626 0 28751 21202
-1
36 32
0 28510 23420 1 482 0 28510 23420
0 20260 99320 1 392 0 20260 99320
0 27828 29694 1 276 0 27828 29694
0 24043 64517 1 901 0 24043 64517
0 17706 122817 1 573 0 17706 122817
0 19067 110297 1 598 0 19067 110297
0 29916 10485 1 440 0 29916 10485
0 30056 9197 1 780 0 30056 9197
0 30440 5665 1 1047 0 30440 5665
0 14753 149985 1 1142 0 14753 149985
0 18103 119165 1 328 0 18103 119165
0 25852 47874 1 848 0 25852 47874
0 25664 49602 1 859 0 25664 49602
0 16459 134291 1 1085 0 16459 134291
0 23048 73671 1 674 0 23048 73671
0 27275 34782 1 266 0 27275 34782
0 18267 117657 1 405 0 18267 117657
0 11152 183114 1 291 0 11152 183114
0 17778 122154 1 590 0 17778 122154
0 11972 175568 1 1086 0 11972 175568
0 14193 155137 1 657 0 14193 155137
0 15245 145460 1 1186 0 15245 145460
0 29213 16954 1 1057 0 29213 16954
0 19524 106091 1 968 0 19524 106091
0 19290 108245 1 727 0 19290 108245
0 14956 148117 1 44 0 14956 148117
0 15805 140305 1 290 0 15805 140305
0 16197 136700 1 224 0 16197 136700
0 27798 29971 1 210 0 27798 29971
0 17983 120268 1 889 0 17983 120268
0 27320 34368 1 461 0 27320 34368
0 19308 108080 1 151 0 19308 108080
-1
37 30
0 18410 116340 1 389 0 18410 116340
0 24307 62088 1 114 0 24307 62088
0 27165 35794 1 1149 0 27165 35794
0 27370 33908 1 685 0 27370 33908
0 28724 21451 1 601 0 28724 21451
0 21663 86414 1 947 0 21663 86414
0 15776 140574 1 277 0 15776 140574
0 23453 69945 1 534 0 23453 69945
0 18085 119331 1 3 0 18085 119331
0 29564 13722 1 1007 0 29564 13722
0 29753 11985 1 811 0 29753 11985
0 14279 154345 1 677 0 14279 154345
0 10712 187162 1 571 0 10712 187162
0 30091 8874 1 563 0 30091 8874
0 30679 3465 1 635 0 30679 3465
0 26495 41960 1 891 0 26495 41960
0 18675 113902 1 474 0 18675 113902
0 21837 84811 1 605 0 21837 84811
0 19140 109625 1 341 0 19140 109625
0 18498 115531 1 294 0 18498 115531
0 17942 120645 1 110 0 17942 120645
0 17062 128742 1 812 0 17062 128742
0 12920 166848 1 16 0 12920 166848
0 26388 42942 1 505 0 26388 42942
0 19506 106257 1 526 0 19506 106257
0 25348 52511 1 456 0 25348 52511
0 30562 4542 1 544 0 30562 4542
0 17844 121548 1 522 0 17844 121548
0 30502 5094 1 464 0 30502 5094
0 19875 102862 1 541 0 19875 102862
-1
38 32
0 19006 110857 1 315 0 19006 110857
0 27092 36467 2 839 0 27092 36465 1147 0 0 2
0 15196 145908 1 1019 0 15196 145908
0 27953 28545 1 792 0 27953 28545
0 23558 68980 1 884 0 23558 68980
0 22646 77370 2 575 0 0 2 88 0 22646 77368
0 13552 161034 1 1010 0 13552 161034
0 26651 40522 1 540 0 26651 40522
0 19441 106854 1 1185 0 19441 106854
0 28862 20182 1 1118 0 28862 20182
0 14810 149460 1 611 0 14810 149460
0 17278 126754 1 816 0 17278 126754
0 28677 21885 1 185 0 28677 21885
0 29472 14571 1 97 0 29472 14571
0 17690 122965 1 864 0 17690 122965
0 0 0 0
0 12440 171265 1 671 0 12440 171265
0 20732 94977 1 478 0 20732 94977
0 18313 117234 1 806 0 18313 117234
0 21375 89062 1 944 0 21375 89062
0 12176 173694 1 790 0 12176 173694
0 29812 11442 1 184 0 29812 11442
0 30653 3705 1 754 0 30653 3705
0 21635 86671 1 661 0 21635 86671
0 19473 106560 1 905 0 19473 106560
0 29926 10394 1 36 0 29926 10394
0 12939 166674 1 662 0 12939 166674
0 18460 115880 1 295 0 18460 115880
0 16561 133351 1 1110 0 16561 133351
0 23589 68694 1 111 0 23589 68694
0 12448 171191 1 217 0 12448 171191
0 17759 122331 1 1045 0 17759 122331
-1
40 27
0 11867 176537 1 1189 0 11867 176537
0 23607 68528 1 183 0 23607 68528
0 25327 52702 1 698 0 25327 52702
0 29677 12685 1 681 0 29677 12685
0 24036 64582 1 1159 0 24036 64582
0 30214 7742 1 139 0 30214 7742
0 21676 86294 1 487 0 21676 86294
0 10546 188688 1 539 0 10546 188688
0 19057 110388 1 299 0 19057 110388
0 29970 9988 1 1195 0 29970 9988
0 19529 106045 1 214 0 19529 106045
0 20477 97325 1 1112 0 20477 97325
0 20963 92854 1 109 0 20963 92854
0 28870 20108 1 974 0 28870 20108
0 29795 11600 1 824 0 29795 11600
0 25567 50497 1 232 0 25567 50497
0 18636 114262 1 670 0 18636 114262
0 13413 162314 1 887 0 13413 162314
0 16602 132974 1 476 0 16602 132974
0 25983 46668 1 340 0 25983 46668
0 27155 35885 1 122 0 27155 35885
0 16088 137702 1 367 0 16088 137702
0 19019 110737 1 578 0 19019 110737
0 0 0 0
0 11322 181551 1 82 0 11322 181551
0 14704 150437 1 609 0 14704 150437
0 25810 48260 1 927 0 25810 48260
-1
39 29
0 23817 66597 1 454 0 23817 66597
0 10776 186574 1 856 0 10776 186574
0 22713 76754 1 551 0 22713 76754
0 19344 107748 1 134 0 19344 107748
0 11238 182322 1 228 0 11238 182322
0 25882 47597 1 10 0 25882 47597
0 21412 88722 1 1060 0 21412 88722
0 17005 129265 1 1164 0 17005 129265
0 29546 13890 2 1037 0 29546 13888 1166 0 0 2
0 27816 29805 1 786 0 27816 29805
0 30515 4974 1 364 0 30515 4974
0 29553 13822 1 260 0 29553 13822
0 21359 89211 1 496 0 21359 89211
0 27108 36320 1 805 0 27108 36320
0 30377 6245 1 342 0 30377 6245
0 16727 131825 1 921 0 16727 131825
0 17413 125514 1 873 0 17413 125514
0 14352 153674 1 158 0 14352 153674
0 30371 6297 1 1032 0 30371 6297
0 11002 184494 1 408 0 11002 184494
0 20095 100840 1 1031 0 20095 100840
0 19219 108897 1 244 0 19219 108897
0 27997 28140 1 517 0 27997 28140
0 13726 159434 1 519 0 13726 159434
0 13237 163931 1 207 0 13237 163931
0 0 0 0
0 30737 2931 1 38 0 30737 2931
0 25764 48682 1 1026 0 25764 48682
0 25167 54177 1 253 0 25167 54177
-1
16 36
0 22931 74748 1 40 0 22931 74748
0 29557 13788 1 208 0 29557 13788
0 16499 133922 1 140 0 16499 133922
0 31038 162 1 148 0 31038 162
0 21684 86220 1 896 0 21684 86220
0 15918 139268 1 582 0 15918 139268
0 20650 95734 1 758 0 20650 95734
0 24404 61197 1 741 0 24404 61197
0 13984 157060 1 358 0 13984 157060
0 24424 61011 1 91 0 24424 61011
0 0 0 0
0 12637 169451 1 65 0 12637 169451
0 13995 156960 1 303 0 13995 156960
0 18479 115705 1 599 0 18479 115705
0 29546 13890 2 749 0 0 2 857 0 29546 13888
0 30136 8462 1 1137 0 30136 8462
0 27533 32408 1 1131 0 27533 32408
0 24512 60202 1 414 0 24512 60202
0 18459 115891 1 1020 0 18459 115891
0 13913 157714 1 1084 0 13913 157714
0 20079 100985 1 26 0 20079 100985
0 15827 140105 1 350 0 15827 140105
0 18528 115254 1 649 0 18528 115254
0 11209 182591 1 326 0 11209 182591
0 18386 116562 1 483 0 18386 116562
0 21029 92245 1 177 0 21029 92245
0 21003 92485 1 1095 0 21003 92485
0 27666 31185 1 1132 0 27666 31185
0 23282 71517 1 1133 0 23282 71517
0 18143 118797 1 785 0 18143 118797
0 16814 131024 2 575 0 0 2 256 0 16814 131022
0 27025 37082 1 619 0 27025 37082
0 29604 13357 1 43 0 29604 13357
0 15949 138982 1 61 0 15949 138982
0 11338 181402 1 445 0 11338 181402
0 22533 78408 1 1022 0 22533 78408
-1
18 36
0 30184 8020 1 157 0 30184 8020
0 12492 170785 1 866 0 12492 170785
0 18620 114408 1 703 0 18620 114408
0 30136 8462 1 363 0 30136 8462
0 16652 132514 1 438 0 16652 132514
0 12846 167528 1 1180 0 12846 167528
0 29623 13180 1 828 0 29623 13180
0 24594 59448 1 502 0 24594 59448
0 18093 119257 1 740 0 18093 119257
0 29040 18545 1 309 0 29040 18545
0 26809 39068 1 211 0 26809 39068
0 17844 121548 1 198 0 17844 121548
0 15673 141520 1 317 0 15673 141520
0 16430 134554 1 182 0 16430 134554
0 23266 71665 1 463 0 23266 71665
0 20499 97122 1 654 0 20499 97122
0 16130 137317 1 882 0 16130 137317
0 17349 126102 1 90 0 17349 126102
0 23929 65565 1 424 0 23929 65565
0 18415 116294 1 481 0 18415 116294
0 26064 45922 1 2 0 26064 45922
0 24864 56962 1 507 0 24864 56962
0 11600 178994 1 521 0 11600 178994
0 24082 64157 1 248 0 24082 64157
0 20632 95897 1 178 0 20632 95897
0 23542 69125 1 1115 0 23542 69125
0 27590 31885 1 1008 0 27590 31885
0 15942 139045 1 1130 0 15942 139045
0 18063 119534 1 612 0 18063 119534
0 11720 177888 1 1152 0 11720 177888
0 26609 40911 1 818 0 26609 40911
0 18232 117977 1 906 0 18232 117977
0 11021 184320 1 1186 0 11021 184320
0 13489 161614 1 433 0 13489 161614
0 22847 75520 1 15 0 22847 75520
0 27304 34517 1 64 0 27304 34517
-1
5 32
0 23263 71694 1 391 0 23263 71694
0 29255 16565 1 893 0 29255 16565
0 14495 152360 1 977 0 14495 152360
0 23339 70994 1 362 0 23339 70994
0 10707 187208 1 1056 0 10707 187208
0 11086 183722 1 186 0 11086 183722
0 11287 181871 1 1018 0 11287 181871
0 17945 120620 1 895 0 17945 120620
0 21691 86154 1 379 0 21691 86154
0 21533 87608 1 713 0 21533 87608
0 28348 24911 1 658 0 28348 24911
0 26734 39760 1 810 0 26734 39760
0 29823 11340 1 314 0 29823 11340
0 24020 64728 1 920 0 24020 64728
0 14402 153214 1 352 0 14402 153214
0 26471 42180 1 917 0 26471 42180
0 29630 13117 1 432 0 29630 13117
0 16555 133405 1 283 0 16555 133405
0 16761 131511 1 663 0 16761 131511
0 14939 148274 1 422 0 14939 148274
0 28364 24762 1 1023 0 28364 24762
0 24447 60800 1 9 0 24447 60800
0 14242 154685 1 988 0 14242 154685
0 15040 147345 1 585 0 15040 147345
0 24475 60542 1 525 0 24475 60542
0 12640 169425 1 1070 0 12640 169425
0 18288 117462 1 587 0 18288 117462
0 12384 171780 1 557 0 12384 171780
0 0 0 0
0 16219 136497 1 800 0 16219 136497
0 25057 55188 1 892 0 25057 55188
0 0 0 0
-1
12 32
0 30756 2757 1 932 0 30756 2757
0 18490 115605 1 335 0 18490 115605
0 19159 109451 1 996 0 19159 109451
0 18926 111594 1 262 0 18926 111594
0 24985 55851 1 1034 0 24985 55851
0 13658 160060 1 259 0 13658 160060
0 23053 73625 1 734 0 23053 73625
0 12192 173545 1 72 0 12192 173545
0 29024 18691 1 846 0 29024 18691
0 13765 159074 1 706 0 13765 159074
0 30894 1488 1 761 0 30894 1488
0 15224 145651 1 401 0 15224 145651
0 26725 39842 1 1088 0 26725 39842
0 19251 108604 2 1151 0 19251 108602 575 0 0 2
0 30689 3374 1 849 0 30689 3374
0 17459 125091 1 735 0 17459 125091
0 25475 51342 1 1125 0 25475 51342
0 20783 94508 1 547 0 20783 94508
0 14553 151825 1 175 0 14553 151825
0 16710 131980 1 964 0 16710 131980
0 16806 131097 1 117 0 16806 131097
0 29605 13345 1 733 0 29605 13345
0 17916 120885 1 511 0 17916 120885
0 22422 79431 1 556 0 22422 79431
0 12580 169977 1 300 0 12580 169977
0 25285 53091 1 523 0 25285 53091
0 23145 72780 1 1065 0 23145 72780
0 22060 82760 1 1190 0 22060 82760
0 24525 60082 1 640 0 24525 60082
0 30437 5693 2 22 0 0 2 42 0 30437 5691
0 29164 17402 1 162 0 29164 17402
0 22724 76651 1 410 0 22724 76651
-1
2 39
0 28524 23291 1 278 0 28524 23291
0 26460 42280 1 351 0 26460 42280
0 25498 51131 1 357 0 25498 51131
0 23597 68620 1 1033 0 23597 68620
0 30178 8074 1 1002 0 30178 8074
0 29521 14120 1 19 0 29521 14120
0 19813 103434 1 1073 0 19813 103434
0 25885 47568 1 373 0 25885 47568
0 27030 37037 1 1177 0 27030 37037
0 18834 112440 1 1100 0 18834 112440
0 28609 22511 1 442 0 28609 22511
0 19353 107665 1 41 0 19353 107665
0 19305 108105 1 273 0 19305 108105
0 28039 27754 1 1108 0 28039 27754
0 30798 2371 1 105 0 30798 2371
0 29561 13751 1 1139 0 29561 13751
0 29564 13722 1 653 0 29564 13722
0 25631 49908 1 146 0 25631 49908
0 10755 186765 1 980 0 10755 186765
0 16926 129994 1 345 0 16926 129994
0 12242 173085 1 736 0 12242 173085
0 26130 45317 1 883 0 26130 45317
0 28650 22134 1 249 0 28650 22134
0 18991 110994 1 100 0 18991 110994
0 30921 1240 1 554 0 30921 1240
0 25764 48682 1 218 0 25764 48682
0 22986 74242 1 629 0 22986 74242
0 17338 126202 1 967 0 17338 126202
0 14438 152882 1 621 0 14438 152882
0 16933 129928 1 235 0 16933 129928
0 15863 139774 1 5 0 15863 139774
0 25711 49171 1 562 0 25711 49171
0 23405 70385 1 1167 0 23405 70385
0 22642 77405 1 634 0 22642 77405
0 18459 115891 1 759 0 18459 115891
0 28659 22051 1 360 0 28659 22051
0 15079 146985 1 346 0 15079 146985
0 30199 7882 1 312 0 30199 7882
0 0 0 0
-1
6 29
0 27582 31957 1 199 0 27582 31957
0 29336 15822 1 1053 0 29336 15822
0 21224 90451 1 282 0 21224 90451
0 16665 132394 1 263 0 16665 132394
0 25091 54876 2 747 0 0 2 565 0 25091 54874
0 23869 66117 1 553 0 23869 66117
0 22350 80094 1 446 0 22350 80094
0 24040 64545 1 222 0 24040 64545
0 0 0 0
0 26935 37911 1 349 0 26935 37911
0 27077 36605 1 280 0 27077 36605
0 27319 34377 1 829 0 27319 34377
0 16447 134400 1 444 0 16447 134400
0 30298 6971 1 469 0 30298 6971
0 14763 149894 1 31 0 14763 149894
0 25786 48482 1 242 0 25786 48482
0 0 0 0
0 11733 177768 1 538 0 11733 177768
0 24763 57894 1 213 0 24763 57894
0 28718 21508 1 1117 0 28718 21508
0 26204 44637 1 838 0 26204 44637
0 24524 60091 1 268 0 24524 60091
0 29337 15811 1 84 0 29337 15811
0 12534 170400 1 286 0 12534 170400
0 26201 44662 1 1179 0 26201 44662
0 12496 170748 1 366 0 12496 170748
0 10514 188984 2 749 0 0 2 371 0 10514 188982
0 28420 24248 1 212 0 28420 24248
0 23367 70737 1 332 0 23367 70737
-1
32 28
0 20236 99542 1 28 0 20236 99542
0 14108 155920 1 350 0 14108 155920
0 30329 6685 1 457 0 30329 6685
0 27835 29631 1 979 0 27835 29631
0 14234 154760 1 1111 0 14234 154760
0 11929 175965 1 113 0 11929 175965
0 22690 76965 1 429 0 22690 76965
0 22954 74537 1 719 0 22954 74537
0 26377 43045 1 874 0 26377 43045
0 29520 14128 1 600 0 29520 14128
0 30614 4062 1 622 0 30614 4062
0 14529 152045 1 773 0 14529 152045
0 19972 101971 1 1184 0 19972 101971
0 20388 98142 1 325 0 20388 98142
0 28301 25342 1 307 0 28301 25342
0 21656 86477 1 267 0 21656 86477
0 29937 10291 1 121 0 29937 10291
0 24926 56394 1 406 0 24926 56394
0 22645 77380 1 986 0 22645 77380
0 30669 3557 1 486 0 30669 3557
0 27673 31120 1 130 0 27673 31120
0 16020 138328 1 548 0 16020 138328
0 21732 85777 1 103 0 21732 85777
0 18189 118374 1 1063 0 18189 118374
0 0 0 0
0 24405 61187 2 575 0 0 2 356 0 24405 61185
0 27404 33597 1 530 0 27404 33597
0 22088 82502 1 137 0 22088 82502
-1
29 33
0 23072 73451 1 271 0 23072 73451
0 18740 113305 1 911 0 18740 113305
0 19150 109531 1 648 0 19150 109531
0 28096 27228 1 378 0 28096 27228
0 25955 46925 1 23 0 25955 46925
0 23969 65197 1 566 0 23969 65197
0 22471 78980 1 80 0 22471 78980
0 25184 54020 1 930 0 25184 54020
0 27618 31628 1 160 0 27618 31628
0 19643 104997 1 796 0 19643 104997
0 24115 63854 1 331 0 24115 63854
0 23588 68702 1 1004 0 23588 68702
0 11564 179322 1 589 0 11564 179322
0 26295 43800 1 791 0 26295 43800
0 25095 54837 1 50 0 25095 54837
0 29492 14385 1 881 0 29492 14385
0 15063 147134 1 12 0 15063 147134
0 21472 88171 1 533 0 21472 88171
0 19482 106477 1 1076 0 19482 106477
0 27342 34165 1 1083 0 27342 34165
0 18837 112411 1 506 0 18837 112411
0 15160 146240 1 1074 0 15160 146240
0 18371 116700 1 809 0 18371 116700
0 25358 52417 1 337 0 25358 52417
0 22662 77222 1 861 0 22662 77222
0 0 0 0
0 13064 165522 1 1072 0 13064 165522
0 18574 114831 1 850 0 18574 114831
0 21416 88685 1 1061 0 21416 88685
0 16427 134585 1 324 0 16427 134585
0 13036 165782 1 353 0 13036 165782
0 26102 45574 1 542 0 26102 45574
0 12481 170888 1 1029 0 12481 170888
-1
33 31
0 24833 57248 1 902 0 24833 57248
0 27799 29962 1 1048 0 27799 29962
0 14824 149331 1 555 0 14824 149331
0 26839 38794 1 943 0 26839 38794
0 17701 122862 1 220 0 17701 122862
0 30366 6345 1 886 0 30366 6345
0 27815 29814 1 473 0 27815 29814
0 27227 35225 1 380 0 27227 35225
0 15855 139845 1 992 0 15855 139845
0 16366 135145 1 409 0 16366 135145
0 0 0 0
0 11459 180291 1 561 0 11459 180291
0 22331 80268 1 59 0 22331 80268
0 16839 130794 1 119 0 16839 130794
0 23778 66954 1 871 0 23778 66954
0 28132 26897 1 230 0 28132 26897
0 25402 52014 1 756 0 25402 52014
0 20602 96174 1 651 0 20602 96174
0 16713 131954 1 550 0 16713 131954
0 15028 147454 1 539 0 15028 147454
0 27216 35325 1 318 0 27216 35325
0 18757 113148 1 334 0 18757 113148
0 21933 83928 1 696 0 21933 83928
0 20669 95557 1 660 0 20669 95557
0 13486 161642 1 423 0 13486 161642
0 27406 33577 1 333 0 27406 33577
0 24583 59548 1 929 0 24583 59548
0 16307 135688 1 1171 0 16307 135688
0 13813 158634 1 188 0 13813 158634
0 27235 35151 1 1097 0 27235 35151
0 26853 38665 1 436 0 26853 38665
-1
8 35
0 21509 87831 1 742 0 21509 87831
0 10900 185434 1 783 0 10900 185434
0 21949 83782 1 987 0 21949 83782
0 26116 45445 1 1094 0 26116 45445
0 20840 93985 1 472 0 20840 93985
0 29033 18608 1 1196 0 29033 18608
0 27460 33080 1 104 0 27460 33080
0 14625 151162 1 63 0 14625 151162
0 27996 28148 1 156 0 27996 28148
0 16624 132771 1 779 0 16624 132771
0 17370 125908 1 200 0 17370 125908
0 14460 152680 1 272 0 14460 152680
0 18488 115622 1 447 0 18488 115622
0 15424 143811 1 150 0 15424 143811
0 22262 80902 1 564 0 22262 80902
0 27377 33845 1 997 0 27377 33845
0 29053 18425 1 172 0 29053 18425
0 15463 143454 1 449 0 15463 143454
0 11630 178717 1 385 0 11630 178717
0 17297 126580 1 1054 0 17297 126580
0 13139 164834 1 815 0 13139 164834
0 30036 9382 1 714 0 30036 9382
0 12994 166168 1 510 0 12994 166168
0 25346 52528 1 348 0 25346 52528
0 21919 84057 1 1079 0 21919 84057
0 30709 3191 1 127 0 30709 3191
0 21090 91685 1 1 0 21090 91685
0 11291 181834 1 845 0 11291 181834
0 20333 98648 1 998 0 20333 98648
0 24370 61508 1 751 0 24370 61508
0 16302 135734 1 459 0 16302 135734
0 19232 108777 1 209 0 19232 108777
0 14621 151200 1 70 0 14621 151200
0 16846 130728 1 1141 0 16846 130728
0 24857 57028 1 1161 0 24857 57028
-1
7 30
0 14822 149351 1 606 0 14822 149351
0 21957 83708 1 112 0 21957 83708
0 27563 32134 1 296 0 27563 32134
0 0 0 0
0 27647 31360 1 503 0 27647 31360
0 18422 116231 1 607 0 18422 116231
0 16022 138310 2 800 0 16022 138308 1166 0 0 2
0 18586 114722 1 926 0 18586 114722
0 20507 97048 1 450 0 20507 97048
0 22992 74185 1 47 0 22992 74185
0 16308 135680 1 48 0 16308 135680
0 28276 25574 1 322 0 28276 25574
0 22344 80148 1 570 0 22344 80148
0 12012 175202 1 567 0 12012 175202
0 13827 158505 1 680 0 13827 158505
0 28755 21165 1 369 0 28755 21165
0 17023 129100 1 1165 0 17023 129100
0 21242 90285 1 1038 0 21242 90285
0 27778 30154 1 782 0 27778 30154
0 28912 19722 1 763 0 28912 19722
0 22374 79871 1 813 0 22374 79871
0 18035 119791 1 419 0 18035 119791
0 15847 139920 1 355 0 15847 139920
0 28212 26162 1 142 0 28212 26162
0 21093 91657 1 678 0 21093 91657
0 18428 116174 1 875 0 18428 116174
0 22040 82945 1 460 0 22040 82945
0 27345 34140 1 623 0 27345 34140
0 17515 124574 1 437 0 17515 124574
0 20756 94757 1 1198 0 20756 94757
-1
27 28
0 16680 132254 1 403 0 16680 132254
0 24057 64388 1 942 0 24057 64388
0 15345 144540 1 684 0 15345 144540
0 24773 57800 1 194 0 24773 57800
0 19431 106948 1 143 0 19431 106948
0 16576 133214 1 604 0 16576 133214
0 12843 167557 1 243 0 12843 167557
0 23651 68122 1 400 0 23651 68122
0 21423 88620 1 1017 0 21423 88620
0 15678 141474 1 310 0 15678 141474
0 16087 137711 1 226 0 16087 137711
0 26354 43257 1 835 0 26354 43257
0 15709 141191 1 81 0 15709 141191
0 16268 136048 1 746 0 16268 136048
0 13810 158660 1 269 0 13810 158660
0 28127 26945 1 265 0 28127 26945
0 18179 118465 1 820 0 18179 118465
0 24064 64322 1 694 0 24064 64322
0 25107 54728 1 7 0 25107 54728
0 20981 92688 1 981 0 20981 92688
0 27911 28931 1 851 0 27911 28931
0 23370 70708 1 877 0 23370 70708
0 26942 37845 1 394 0 26942 37845
0 26079 45785 1 54 0 26079 45785
0 29095 18040 1 49 0 29095 18040
0 20603 96165 1 572 0 20603 96165
0 20092 100865 1 32 0 20092 100865
0 20414 97902 1 1098 0 20414 97902
-1
25 32
0 30383 6188 1 545 0 30383 6188
0 16033 138208 1 687 0 16033 138208
0 11353 181265 1 1127 0 11353 181265
0 23898 65851 1 339 0 23898 65851
0 21014 92382 1 393 0 21014 92382
0 20975 92742 1 404 0 20975 92742
0 12734 168559 2 747 0 0 2 957 0 12734 168557
0 13563 160934 1 726 0 13563 160934
0 17482 124877 1 642 0 17482 124877
0 24190 63165 1 772 0 24190 63165
0 27513 32594 1 344 0 27513 32594
0 27740 30505 1 928 0 27740 30505
0 25402 52014 1 1066 0 25402 52014
0 10908 185360 1 169 0 10908 185360
0 25306 52897 1 30 0 25306 52897
0 29085 18131 1 962 0 29085 18131
0 22186 81602 1 76 0 22186 81602
0 29528 14054 1 479 0 29528 14054
0 16574 133231 1 274 0 16574 133231
0 14541 151934 1 1081 0 14541 151934
0 0 0 0
0 21485 88051 1 219 0 21485 88051
0 29046 18488 1 163 0 29046 18488
0 30874 1671 1 747 0 30874 1671
0 25453 51545 1 8 0 25453 51545
0 22713 76754 1 52 0 22713 76754
0 26436 42502 1 844 0 26436 42502
0 26386 42962 1 624 0 26386 42962
0 24722 58271 1 1183 0 24722 58271
0 30619 4017 1 354 0 30619 4017
0 10452 189554 1 1121 0 10452 189554
0 15976 138734 1 613 0 15976 138734
-1
9 32
0 29507 14248 1 330 0 29507 14248
0 24540 59945 1 302 0 24540 59945
0 24207 63008 1 466 0 24207 63008
0 29281 16328 1 994 0 29281 16328
0 27872 29291 1 293 0 27872 29291
0 24723 58260 1 1011 0 24723 58260
0 21579 87185 1 1051 0 21579 87185
0 26720 39888 1 443 0 26720 39888
0 26248 44231 1 1182 0 26248 44231
0 27839 29594 1 1001 0 27839 29594
0 10922 185231 1 1140 0 10922 185231
0 15542 142725 1 1106 0 15542 142725
0 24265 62474 1 789 0 24265 62474
0 29894 10688 1 833 0 29894 10688
0 27328 34294 1 1071 0 27328 34294
0 13685 159811 1 973 0 13685 159811
0 26875 38462 1 74 0 26875 38462
0 13243 163877 1 13 0 13243 163877
0 13760 159120 1 528 0 13760 159120
0 24358 61620 1 396 0 24358 61620
0 0 0 0
0 17120 128208 1 639 0 17120 128208
0 30843 1957 1 1000 0 30843 1957
0 13361 162791 1 721 0 13361 162791
0 29008 18840 1 17 0 29008 18840
0 12192 173545 1 560 0 12192 173545
0 10942 185045 1 531 0 10942 185045
0 18873 112080 1 739 0 18873 112080
0 30995 560 1 632 0 30995 560
0 27449 33182 1 865 0 27449 33182
0 16398 134851 1 675 0 16398 134851
0 11810 177060 1 1044 0 11810 177060
-1
17 29
0 27873 29280 1 1050 0 27873 29280
0 30991 596 2 747 0 0 2 192 0 30991 594
0 23093 73257 1 972 0 23093 73257
0 13783 158908 1 1148 0 13783 158908
0 20918 93268 1 878 0 20918 93268
0 24757 57948 1 656 0 24757 57948
0 18303 117325 1 641 0 18303 117325
0 21791 85234 1 1027 0 21791 85234
0 13460 161880 1 215 0 13460 161880
0 25339 52594 1 145 0 25339 52594
0 18672 113930 2 575 0 0 2 593 0 18672 113928
0 22065 82714 1 669 0 22065 82714
0 27744 30468 1 637 0 27744 30468
0 21885 84371 1 311 0 21885 84371
0 19980 101897 1 133 0 19980 101897
0 24569 59677 1 938 0 24569 59677
0 24353 61665 1 984 0 24353 61665
0 16579 133182 1 787 0 16579 133182
0 20347 98520 1 872 0 20347 98520
0 21461 88271 1 499 0 21461 88271
0 21854 84657 1 390 0 21854 84657
0 25048 55271 1 769 0 25048 55271
0 19794 103608 1 923 0 19794 103608
0 21313 89634 1 53 0 21313 89634
0 20339 98594 1 989 0 20339 98594
0 12378 171834 1 286 0 12378 171834
0 24041 64534 1 652 0 24041 64534
0 18043 119717 1 375 0 18043 119717
0 12070 174668 1 941 0 12070 174668
-1
26 25
0 15924 139211 1 488 0 15924 139211
0 17777 122165 1 123 0 17777 122165
0 18318 117188 1 1129 0 18318 117188
0 24582 59557 1 804 0 24582 59557
0 15582 142357 1 990 0 15582 142357
0 23982 65077 1 764 0 23982 65077
0 21039 92154 1 574 0 21039 92154
0 23108 73120 1 778 0 23108 73120
0 21236 90342 1 193 0 21236 90342
0 18401 116424 2 20 0 18401 116422 575 0 0 2
0 12444 171228 1 933 0 12444 171228
0 15664 141602 1 765 0 15664 141602
0 25701 49262 1 336 0 25701 49262
0 15736 140942 1 321 0 15736 140942
0 12065 174714 1 717 0 12065 174714
0 22852 75474 1 1124 0 22852 75474
0 30879 1625 1 732 0 30879 1625
0 13617 160437 1 14 0 13617 160437
0 21953 83745 1 945 0 21953 83745
0 21126 91354 1 1135 0 21126 91354
0 26770 39428 1 1005 0 26770 39428
0 26889 38334 1 731 0 26889 38334
0 23387 70551 1 395 0 23387 70551
0 16006 138457 1 124 0 16006 138457
0 17024 129091 1 203 0 17024 129091
-1
4 32
0 25221 53680 1 1155 0 25221 53680
0 28013 27994 1 937 0 28013 27994
0 16211 136571 1 132 0 16211 136571
0 0 0 0
0 27300 34554 1 753 0 27300 34554
0 25206 53817 1 370 0 25206 53817
0 18996 110948 1 711 0 18996 110948
0 13952 157354 1 888 0 13952 157354
0 13697 159700 1 527 0 13697 159700
0 27073 36640 1 826 0 27073 36640
0 21615 86854 1 952 0 21615 86854
0 11284 181900 1 862 0 11284 181900
0 20389 98134 1 821 0 20389 98134
0 14359 153611 1 982 0 14359 153611
0 26546 41488 1 730 0 26546 41488
0 19859 103008 1 831 0 19859 103008
0 10578 188394 1 1154 0 10578 188394
0 13251 163802 1 836 0 13251 163802
0 21357 89228 1 946 0 21357 89228
0 15651 141722 1 975 0 15651 141722
0 25825 48122 1 1134 0 25825 48122
0 23727 67425 1 1119 0 23727 67425
0 23095 73240 1 67 0 23095 73240
0 28081 27368 1 568 0 28081 27368
0 17113 128274 1 581 0 17113 128274
0 17273 126800 1 1035 0 17273 126800
0 18298 117371 1 129 0 18298 117371
0 14377 153445 1 381 0 14377 153445
0 25997 46540 1 204 0 25997 46540
0 19448 106791 1 155 0 19448 106791
0 23357 70828 1 799 0 23357 70828
0 29219 16897 1 92 0 29219 16897
-1
31 32
0 15367 144337 1 108 0 15367 144337
0 29407 15168 1 149 0 29407 15168
0 17661 123231 1 708 0 17661 123231
0 21395 88880 1 1138 0 21395 88880
0 29455 14725 1 359 0 29455 14725
0 30917 1277 1 575 0 30917 1277
0 15867 139737 1 1181 0 15867 139737
0 15501 143102 1 1157 0 15501 143102
0 23825 66522 1 1025 0 23825 66522
0 22950 74574 1 1043 0 22950 74574
0 21867 84537 1 958 0 21867 84537
0 23983 65068 1 817 0 23983 65068
0 19583 105548 1 709 0 19583 105548
0 23796 66788 1 922 0 23796 66788
0 26168 44968 1 737 0 26168 44968
0 18392 116507 2 22 0 0 2 1146 0 18392 116505
0 23264 71682 1 580 0 23264 71682
0 26784 39300 1 1068 0 26784 39300
0 26731 39788 1 695 0 26731 39788
0 21104 91557 1 757 0 21104 91557
0 30047 9280 1 35 0 30047 9280
0 16072 137851 1 1064 0 16072 137851
0 27584 31940 1 666 0 27584 31940
0 30639 3834 1 925 0 30639 3834
0 26581 41168 1 306 0 26581 41168
0 18802 112734 1 594 0 18802 112734
0 26505 41865 1 376 0 26505 41865
0 20628 95934 1 1191 0 20628 95934
0 24943 56237 1 664 0 24943 56237
0 15704 141237 1 588 0 15704 141237
0 19094 110048 1 610 0 19094 110048
0 27330 34277 1 187 0 27330 34277
-1
10 29
0 12396 171668 1 646 0 12396 171668
0 18172 118531 1 899 0 18172 118531
0 22537 78371 1 951 0 22537 78371
0 22537 78371 1 949 0 22537 78371
0 24044 64508 1 56 0 24044 64508
0 20022 101511 1 29 0 20022 101511
0 23235 71951 1 402 0 23235 71951
0 22585 77931 1 569 0 22585 77931
0 29698 12491 1 591 0 29698 12491
0 24084 64140 1 682 0 24084 64140
0 14875 148862 1 774 0 14875 148862
0 11369 181117 1 316 0 11369 181117
0 29117 17837 1 1090 0 29117 17837
0 31032 217 1 650 0 31032 217
0 12180 173657 1 774 0 12180 173657
0 13780 158937 1 954 0 13780 158937
0 29935 10311 1 196 0 29935 10311
0 0 0 0
0 11586 179122 1 287 0 11586 179122
0 16652 132514 1 138 0 16652 132514
0 15734 140960 1 1162 0 15734 140960
0 15880 139617 1 206 0 15880 139617
0 21800 85154 1 743 0 21800 85154
0 26141 45214 1 686 0 26141 45214
0 28763 21094 1 161 0 28763 21094
0 24172 63331 1 1015 0 24172 63331
0 26590 41085 1 78 0 26590 41085
0 28426 24194 1 239 0 28426 24194
0 19143 109597 1 374 0 19143 109597
-1
19 32
0 14162 155422 1 549 0 14162 155422
0 18823 112540 1 688 0 18823 112540
0 27601 31782 1 1024 0 27601 31782
0 24291 62234 1 361 0 24291 62234
0 28485 23651 1 748 0 28485 23651
0 16955 129727 2 931 0 16955 129725 692 0 0 2
0 20663 95614 1 448 0 20663 95614
0 19298 108171 1 398 0 19298 108171
0 0 0 0
0 23286 71482 1 467 0 23286 71482
0 28840 20385 1 768 0 28840 20385
0 22290 80645 1 83 0 22290 80645
0 22828 75694 1 876 0 22828 75694
0 18627 114345 1 832 0 18627 114345
0 25167 54177 1 645 0 25167 54177
0 25576 50414 1 795 0 25576 50414
0 26531 41628 1 458 0 26531 41628
0 12480 170897 1 597 0 12480 170897
0 26549 41462 1 1109 0 26549 41462
0 28144 26788 1 1093 0 28144 26788
0 25063 55134 1 999 0 25063 55134
0 21635 86671 1 87 0 21635 86671
0 30132 8497 1 4 0 30132 8497
0 16793 131217 1 704 0 16793 131217
0 10741 186894 1 51 0 10741 186894
0 10725 187042 1 501 0 10725 187042
0 26775 39382 1 18 0 26775 39382
0 29588 13502 1 57 0 29588 13502
0 23579 68785 1 1199 0 23579 68785
0 30861 1791 1 55 0 30861 1791
0 28544 23108 1 275 0 28544 23108
0 28338 25002 1 659 0 28338 25002
-1
