4 29
0 1133 27272 1 229 0 1133 27272
0 1592 19472 2 813 0 0 9 462 0 1592 19463
0 2168 9672 1 310 0 2168 9672
0 2122 10454 1 903 0 2122 10454
0 2531 3509 1 324 0 2531 3509
0 1530 20518 1 560 0 1530 20518
0 2088 11027 1 434 0 2088 11027
0 1894 14336 1 680 0 1894 14336
0 2695 718 1 42 0 2695 718
0 2470 4545 1 83 0 2470 4545
0 2197 9181 1 176 0 2197 9181
0 1129 27336 1 907 0 1129 27336
0 1350 23581 1 1060 0 1350 23581
0 1413 22509 1 52 0 1413 22509
0 1188 26336 1 392 0 1188 26336
0 2022 12154 1 176 0 2022 12154
0 1518 20727 1 1168 0 1518 20727
0 1231 25609 1 750 0 1231 25609
0 2560 3009 1 951 0 2560 3009
0 1737 17000 1 567 0 1737 17000
0 1966 13109 1 154 0 1966 13109
0 1783 16218 1 150 0 1783 16218
0 1556 20081 1 19 0 1556 20081
0 1194 26236 1 905 0 1194 26236
0 2294 7536 1 1097 0 2294 7536
0 2393 5854 1 421 0 2393 5854
0 1366 23309 1 874 0 1366 23309
0 2095 10918 1 132 0 2095 10918
0 2274 7872 1 25 0 2274 7872
-1
7 25
0 706 18154 1 98 0 706 18154
0 858 15572 1 796 0 858 15572
0 1315 7800 1 843 0 1315 7800
0 873 15318 1 588 0 873 15318
0 1069 11981 1 629 0 1069 11981
0 1570 3472 1 34 0 1570 3472
0 1452 5472 1 642 0 1452 5472
0 1131 10936 1 649 0 1131 10936
0 1672 1736 1 196 0 1672 1736
0 1055 12227 1 155 0 1055 12227
0 893 14981 1 562 0 893 14981
0 1407 6236 1 88 0 1407 6236
0 1222 9381 1 404 0 1222 9381
0 1474 5100 1 727 0 1474 5100
0 899 14872 1 378 0 899 14872
0 1163 10390 1 730 0 1163 10390
0 1049 12327 1 425 0 1049 12327
0 1766 136 1 352 0 1766 136
0 1729 763 1 734 0 1729 763
0 1248 8945 1 165 0 1248 8945
0 957 13890 1 1129 0 957 13890
0 1128 10981 1 829 0 1128 10981
0 1079 11818 1 827 0 1079 11818
0 766 17136 1 1018 0 766 17136
0 1165 10354 1 1079 0 1165 10354
-1
11 26
0 2373 3545 1 203 0 2373 3545
0 1245 22718 1 920 0 1245 22718
0 884 28854 1 748 0 884 28854
0 1816 13018 1 1103 0 1816 13018
0 1462 19036 1 1150 0 1462 19036
0 1861 12245 1 701 0 1861 12245
0 2307 4663 1 1148 0 2307 4663
0 1747 14190 1 581 0 1747 14190
0 1890 11754 1 203 0 1890 11754
0 1776 13690 1 463 0 1776 13690
0 1268 22327 1 305 0 1268 22327
0 2199 6500 1 87 0 2199 6500
0 2371 3581 1 197 0 2371 3581
0 2047 9090 1 722 0 2047 9090
0 1642 15972 1 488 0 1642 15972
0 1582 16990 1 563 0 1582 16990
0 962 27536 1 416 0 962 27536
0 2335 4190 1 49 0 2335 4190
0 1623 16299 2 240 0 1623 16290 637 0 0 9
0 1237 22854 1 184 0 1237 22854
0 1340 21109 1 554 0 1340 21109
0 1127 24727 1 762 0 1127 24727
0 1836 12672 1 361 0 1836 12672
0 1291 21936 1 211 0 1291 21936
0 1902 11554 1 672 0 1902 11554
0 1586 16927 1 477 0 1586 16927
-1
14 29
0 2024 6000 1 820 0 2024 6000
0 910 24936 1 171 0 910 24936
0 1203 19954 1 591 0 1203 19954
0 1892 8236 1 352 0 1892 8236
0 1971 6900 1 642 0 1971 6900
0 2172 3481 1 112 0 2172 3481
0 2030 5890 1 604 0 2030 5890
0 1840 9127 1 334 0 1840 9127
0 1773 10263 1 177 0 1773 10263
0 921 24745 1 945 0 921 24745
0 1084 21981 2 720 0 0 9 136 0 1084 21972
0 1001 23390 1 378 0 1001 23390
0 2220 2663 1 44 0 2220 2663
0 1084 21972 1 1136 0 1084 21972
0 1115 21445 1 316 0 1115 21445
0 1987 6627 1 280 0 1987 6627
0 927 24645 1 914 0 927 24645
0 2236 2390 1 256 0 2236 2390
0 2366 181 1 342 0 2366 181
0 2249 2172 1 716 0 2249 2172
0 2192 3145 2 731 0 0 9 1106 0 2192 3136
0 1137 21072 1 796 0 1137 21072
0 2263 1936 1 1124 0 2263 1936
0 1410 16436 1 810 0 1410 16436
0 1160 20681 1 563 0 1160 20681
0 1060 22381 1 425 0 1060 22381
0 882 25409 1 128 0 882 25409
0 1276 18709 1 558 0 1276 18709
0 1082 22009 1 108 0 1082 22009
-1
19 29
0 2390 7263 1 886 0 2390 7263
0 2247 9700 1 70 0 2247 9700
0 1085 29454 1 89 0 1085 29454
0 2766 872 1 1136 0 2766 872
0 2093 12318 1 870 0 2093 12318
0 1325 25372 1 1118 0 1325 25372
0 2752 1109 1 563 0 2752 1109
0 2209 10345 1 703 0 2209 10345
0 1576 21100 1 748 0 1576 21100
0 2760 972 1 206 0 2760 972
0 1192 27627 1 685 0 1192 27627
0 2090 12363 1 375 0 2090 12363
0 1715 18736 1 1100 0 1715 18736
0 1943 14863 1 941 0 1943 14863
0 2339 8136 1 30 0 2339 8136
0 2602 3663 1 721 0 2602 3663
0 2700 2000 1 587 0 2700 2000
0 1480 22736 1 373 0 1480 22736
0 2659 2690 1 125 0 2659 2690
0 2186 10736 1 1052 0 2186 10736
0 2290 8963 1 1008 0 2290 8963
0 2472 5872 1 833 0 2472 5872
0 2437 6463 1 105 0 2437 6463
0 2808 163 1 608 0 2808 163
0 1202 27463 1 928 0 1202 27463
0 2805 209 1 758 0 2805 209
0 1352 24909 1 1055 0 1352 24909
0 2108 12063 1 168 0 2108 12063
0 2261 9454 1 254 0 2261 9454
-1
20 30
0 2273 1363 1 658 0 2273 1363
0 975 23427 1 542 0 975 23427
0 2106 4200 1 1014 0 2106 4200
0 1490 14672 1 464 0 1490 14672
0 1186 19845 1 1028 0 1186 19845
0 1101 21290 1 1014 0 1101 21290
0 978 23381 1 167 0 978 23381
0 1306 17800 1 661 0 1306 17800
0 2209 2454 1 957 0 2209 2454
0 2174 3045 1 431 0 2174 3045
0 1721 10745 1 674 0 1721 10745
0 2144 3554 1 1037 0 2144 3554
0 924 24300 1 166 0 924 24300
0 2135 3709 1 631 0 2135 3709
0 1778 9781 1 140 0 1778 9781
0 2241 1909 1 546 0 2241 1909
0 1834 8827 1 563 0 1834 8827
0 1048 22190 1 1031 0 1048 22190
0 2130 3790 2 674 0 0 0 373 0 2130 3790
0 2139 3645 1 621 0 2139 3645
0 2010 5836 1 695 0 2010 5836
0 1722 10727 1 651 0 1722 10727
0 2316 636 1 356 0 2316 636
0 1679 11463 1 7 0 1679 11463
0 1057 22036 1 783 0 1057 22036
0 2150 3454 1 134 0 2150 3454
0 1917 7418 1 772 0 1917 7418
0 1820 9063 1 485 0 1820 9063
0 1304 17836 1 674 0 1304 17836
0 1571 13300 1 652 0 1571 13300
-1
21 32
0 1274 5572 1 747 0 1274 5572
0 1205 6745 1 1133 0 1205 6745
0 960 10909 1 943 0 960 10909
0 1487 1954 1 569 0 1487 1954
0 1136 7918 1 599 0 1136 7918
0 1582 336 1 164 0 1582 336
0 1457 2463 1 577 0 1457 2463
0 1473 2190 1 176 0 1473 2190
0 1254 5918 1 226 0 1254 5918
0 705 15245 1 1032 0 705 15245
0 642 16318 1 307 0 642 16318
0 989 10418 1 25 0 989 10418
0 1560 709 1 835 0 1560 709
0 1094 8636 1 15 0 1094 8636
0 967 10790 1 6 0 967 10790
0 979 10590 1 467 0 979 10590
0 1312 4927 1 1186 0 1312 4927
0 1358 4145 1 914 0 1358 4145
0 883 12218 1 981 0 883 12218
0 1426 2990 1 649 0 1426 2990
0 565 17627 1 608 0 565 17627
0 1428 2954 1 1111 0 1428 2954
0 1480 2072 1 68 0 1480 2072
0 1034 9654 1 48 0 1034 9654
0 735 14736 1 1102 0 735 14736
0 1319 4809 1 616 0 1319 4809
0 1588 236 1 954 0 1588 236
0 1335 4536 1 144 0 1335 4536
0 946 11154 2 82 0 0 9 717 0 946 11145
0 1279 5490 1 166 0 1279 5490
0 607 16909 1 6 0 607 16909
0 1122 8154 1 612 0 1122 8154
-1
22 31
0 1009 8009 1 889 0 1009 8009
0 906 9754 1 1033 0 906 9754
0 1125 6036 1 190 0 1125 6036
0 1343 2327 1 478 0 1343 2327
0 671 13754 1 715 0 671 13754
0 1019 7836 1 929 0 1019 7836
0 896 9927 1 184 0 896 9927
0 1161 5418 1 819 0 1161 5418
0 530 16145 1 316 0 530 16145
0 927 9400 1 678 0 927 9400
0 676 13663 1 280 0 676 13663
0 837 10927 1 195 0 837 10927
0 701 13245 1 252 0 701 13245
0 1407 1236 1 582 0 1407 1236
0 1124 6054 1 621 0 1124 6054
0 753 12354 1 956 0 753 12354
0 733 12700 1 1023 0 733 12700
0 1457 390 1 1052 0 1457 390
0 1116 6190 1 983 0 1116 6190
0 1349 2227 1 965 0 1349 2227
0 1455 427 1 938 0 1455 427
0 1386 1600 1 938 0 1386 1600
0 1077 6854 1 19 0 1077 6854
0 1267 3618 1 1107 0 1267 3618
0 597 15009 1 353 0 597 15009
0 664 13872 1 1137 0 664 13872
0 877 10254 1 638 0 877 10254
0 827 11100 1 571 0 827 11100
0 495 16745 1 35 0 495 16745
0 1241 4063 1 127 0 1241 4063
0 1262 3709 1 1101 0 1262 3709
-1
23 27
0 764 9654 2 1065 0 764 9645 548 0 0 9
0 1230 1727 1 553 0 1230 1727
0 805 8954 1 961 0 805 8954
0 643 11709 1 381 0 643 11709
0 875 7763 1 155 0 875 7763
0 930 6827 1 214 0 930 6827
0 632 11900 1 562 0 632 11900
0 910 7172 1 825 0 910 7172
0 752 9854 1 1176 0 752 9854
0 770 9554 1 495 0 770 9554
0 653 11536 1 582 0 653 11536
0 1016 5372 1 527 0 1016 5372
0 1053 4736 1 1090 0 1053 4736
0 689 10927 1 805 0 689 10927
0 1127 3481 1 288 0 1127 3481
0 703 10690 1 1108 0 703 10690
0 519 13818 1 857 0 519 13818
0 625 12018 1 464 0 625 12018
0 750 9890 1 321 0 750 9890
0 620 12100 1 120 0 620 12100
0 1209 2090 1 1062 0 1209 2090
0 912 7136 1 582 0 912 7136
0 933 6781 1 560 0 933 6781
0 854 8127 1 663 0 854 8127
0 868 7881 1 1069 0 868 7881
0 1007 5518 1 360 0 1007 5518
0 563 13072 1 348 0 563 13072
-1
25 30
0 1086 6363 1 92 0 1086 6363
0 1246 3645 2 1168 0 1246 3636 93 0 0 9
0 1341 2027 1 156 0 1341 2027
0 817 10936 1 50 0 817 10936
0 1081 6445 1 772 0 1081 6445
0 1073 6581 1 747 0 1073 6581
0 1157 5154 1 237 0 1157 5154
0 705 12836 1 862 0 705 12836
0 916 9254 1 5 0 916 9254
0 1285 2981 1 1143 0 1285 2981
0 931 9000 1 346 0 931 9000
0 901 9509 1 219 0 901 9509
0 929 9027 1 29 0 929 9027
0 813 11000 1 953 0 813 11000
0 857 10254 1 1060 0 857 10254
0 941 8827 1 86 0 941 8827
0 884 9799 2 585 0 0 9 422 0 884 9790
0 1400 1027 1 957 0 1400 1027
0 959 8518 1 315 0 959 8518
0 800 11227 1 487 0 800 11227
0 717 12636 1 971 0 717 12636
0 570 15136 1 727 0 570 15136
0 1046 7045 2 848 0 0 9 254 0 1046 7036
0 700 12927 1 471 0 700 12927
0 588 14827 1 22 0 588 14827
0 1279 3081 1 747 0 1279 3081
0 857 10254 1 171 0 857 10254
0 821 10863 1 171 0 821 10863
0 1134 5545 1 945 0 1134 5545
0 672 13400 1 661 0 672 13400
-1
31 35
0 1174 4990 1 312 0 1174 4990
0 1161 5209 1 1 0 1161 5209
0 824 10945 1 838 0 824 10945
0 647 13954 1 1103 0 647 13954
0 977 8345 1 40 0 977 8345
0 1029 7454 1 928 0 1029 7454
0 1190 4718 1 840 0 1190 4718
0 1189 4736 1 7 0 1189 4736
0 732 12509 1 384 0 732 12509
0 812 11145 1 491 0 812 11145
0 1366 1727 1 555 0 1366 1727
0 858 10363 1 436 0 858 10363
0 1359 1845 1 823 0 1359 1845
0 642 14036 1 1057 0 642 14036
0 1059 6945 1 10 0 1059 6945
0 1325 2427 1 968 0 1325 2427
0 844 10600 1 1039 0 844 10600
0 1079 6609 1 1152 0 1079 6609
0 509 16300 1 110 0 509 16300
0 791 11500 1 232 0 791 11500
0 621 14390 1 49 0 621 14390
0 845 10581 1 363 0 845 10581
0 857 10381 1 610 0 857 10381
0 584 15018 1 777 0 584 15018
0 1296 2918 1 457 0 1296 2918
0 728 12572 1 3 0 728 12572
0 1096 6318 1 64 0 1096 6318
0 1411 963 1 932 0 1411 963
0 1386 1390 1 1027 0 1386 1390
0 1088 6454 1 1180 0 1088 6454
0 691 13200 1 1057 0 691 13200
0 1284 3118 1 1190 0 1284 3118
0 687 13272 1 594 0 687 13272
0 1446 363 1 594 0 1446 363
0 567 15309 1 913 0 567 15309
-1
34 30
0 1982 7627 1 189 0 1982 7627
0 2189 4109 1 889 0 2189 4109
0 1401 17509 1 577 0 1401 17509
0 2054 6409 1 278 0 2054 6409
0 1741 11727 1 372 0 1741 11727
0 1981 7645 1 1067 0 1981 7645
0 2159 4618 1 280 0 2159 4618
0 1800 10727 1 204 0 1800 10727
0 2158 4636 1 149 0 2158 4636
0 1272 19700 1 685 0 1272 19700
0 2101 5609 1 642 0 2101 5609
0 2370 1036 1 887 0 2370 1036
0 1082 22927 1 1124 0 1082 22927
0 1093 22745 1 514 0 1093 22745
0 1127 22163 1 227 0 1127 22163
0 1826 10281 1 319 0 1826 10281
0 989 24509 1 659 0 989 24509
0 1586 14363 1 690 0 1586 14363
0 2077 6018 1 176 0 2077 6018
0 1969 7854 2 114 0 1969 7845 835 0 0 9
0 1392 17663 2 129 0 0 9 452 0 1392 17654
0 2304 2154 1 558 0 2304 2154
0 2092 5763 2 888 0 2092 5754 450 0 0 9
0 2293 2345 1 824 0 2293 2345
0 1703 12372 1 700 0 1703 12372
0 1501 15809 1 1011 0 1501 15809
0 1703 12372 1 236 0 1703 12372
0 1627 13663 1 914 0 1627 13663
0 2315 1972 2 309 0 2315 1963 1130 0 0 9
0 1772 11200 1 176 0 1772 11200
-1
37 23
0 577 13190 1 27 0 577 13190
0 1302 863 1 625 0 1302 863
0 1129 3800 1 1045 0 1129 3800
0 1080 4636 1 86 0 1080 4636
0 1271 1390 1 947 0 1271 1390
0 1066 4872 1 149 0 1066 4872
0 985 6254 1 766 0 985 6254
0 1037 5363 1 655 0 1037 5363
0 1037 5363 1 886 0 1037 5363
0 894 7800 1 447 0 894 7800
0 1120 3954 1 1089 0 1120 3954
0 1300 900 1 914 0 1300 900
0 1301 881 1 1058 0 1301 881
0 770 9909 1 71 0 770 9909
0 1233 2036 1 315 0 1233 2036
0 820 9054 1 69 0 820 9054
0 567 13354 1 1011 0 567 13354
0 983 6281 1 961 0 983 6281
0 671 11590 1 1043 0 671 11590
0 940 7018 1 460 0 940 7018
0 679 11454 1 567 0 679 11454
0 512 14290 1 171 0 512 14290
0 1121 3936 1 171 0 1121 3936
-1
35 32
0 1503 1518 1 1185 0 1503 1518
0 1372 3745 1 372 0 1372 3745
0 787 13690 1 652 0 787 13690
0 1103 8318 1 101 0 1103 8318
0 1276 5372 1 1118 0 1276 5372
0 977 10463 1 999 0 977 10463
0 934 11190 1 179 0 934 11190
0 1308 4836 1 23 0 1308 4836
0 1548 754 1 31 0 1548 754
0 1058 9081 1 305 0 1058 9081
0 754 14254 1 1137 0 754 14254
0 576 17272 1 1171 0 576 17272
0 1169 7199 2 849 0 0 9 1036 0 1169 7190
0 1344 4218 1 422 0 1344 4218
0 1097 8418 1 1173 0 1097 8418
0 1357 4000 1 449 0 1357 4000
0 1010 9900 1 521 0 1010 9900
0 957 10800 1 137 0 957 10800
0 1491 1718 1 277 0 1491 1718
0 558 17581 1 767 0 558 17581
0 1083 8654 1 649 0 1083 8654
0 1146 7581 1 1007 0 1146 7581
0 1125 7945 1 334 0 1125 7945
0 1091 8518 1 766 0 1091 8518
0 1375 3690 1 790 0 1375 3690
0 1374 3709 1 401 0 1374 3709
0 1288 5172 1 1136 0 1288 5172
0 1532 1027 1 1101 0 1532 1027
0 645 16100 1 701 0 645 16100
0 1022 9690 1 150 0 1022 9690
0 1305 4881 1 305 0 1305 4881
0 973 10527 1 845 0 973 10527
-1
38 36
0 928 20018 1 257 0 928 20018
0 1785 5454 1 939 0 1785 5454
0 1757 5927 1 872 0 1757 5927
0 1545 9527 1 1164 0 1545 9527
0 869 21018 1 328 0 869 21018
0 831 21672 1 329 0 831 21672
0 1537 9663 1 1180 0 1537 9663
0 1986 2036 1 251 0 1986 2036
0 1498 10327 1 510 0 1498 10327
0 1622 8218 1 220 0 1622 8218
0 962 19445 1 271 0 962 19445
0 1574 9036 1 262 0 1574 9036
0 1710 6727 1 1013 0 1710 6727
0 738 23245 1 1042 0 738 23245
0 1030 18281 1 46 0 1030 18281
0 1909 3345 1 1126 0 1909 3345
0 1103 17045 1 728 0 1103 17045
0 1953 2590 1 1091 0 1953 2590
0 907 20372 1 23 0 907 20372
0 1764 5809 1 408 0 1764 5809
0 1805 5109 1 873 0 1805 5109
0 2075 518 1 582 0 2075 518
0 1130 16581 1 382 0 1130 16581
0 2038 1145 1 1011 0 2038 1145
0 1426 11554 1 1125 0 1426 11554
0 1875 3918 1 63 0 1875 3918
0 1782 5500 1 515 0 1782 5500
0 1281 14018 1 615 0 1281 14018
0 1003 18745 1 717 0 1003 18745
0 1272 14172 1 715 0 1272 14172
0 1493 10418 1 616 0 1493 10418
0 1537 9663 1 756 0 1537 9663
0 1917 3209 1 721 0 1917 3209
0 781 22518 1 220 0 781 22518
0 708 23763 1 883 0 708 23763
0 756 22945 1 860 0 756 22945
-1
27 38
0 2389 172 1 1122 0 2389 172
0 1438 16336 1 1133 0 1438 16336
0 1714 11645 1 590 0 1714 11645
0 975 24209 1 860 0 975 24209
0 2240 2709 1 9 0 2240 2709
0 1689 12072 2 95 0 1689 12072 922 0 0 0
0 1956 7536 1 870 0 1956 7536
0 1661 12545 1 1120 0 1661 12545
0 1564 14200 1 429 0 1564 14200
0 1716 11618 1 1137 0 1716 11618
0 1412 16781 1 563 0 1412 16781
0 799 27200 1 615 0 799 27200
0 955 24554 1 487 0 955 24554
0 1360 17663 1 746 0 1360 17663
0 1196 20454 1 383 0 1196 20454
0 2221 3027 1 517 0 2221 3027
0 1768 10727 1 410 0 1768 10727
0 1331 18163 1 85 0 1331 18163
0 2177 3781 1 542 0 2177 3781
0 1055 22854 1 59 0 1055 22854
0 1221 20027 1 822 0 1221 20027
0 1500 15290 1 1077 0 1500 15290
0 905 25400 1 932 0 905 25400
0 1436 16372 1 25 0 1436 16372
0 1584 13854 1 262 0 1584 13854
0 1027 23327 1 1162 0 1027 23327
0 1749 11054 1 32 0 1749 11054
0 1591 13736 1 722 0 1591 13736
0 1520 14945 1 763 0 1520 14945
0 1850 9336 1 1178 0 1850 9336
0 1028 23309 1 1088 0 1028 23309
0 1020 23445 1 125 0 1020 23445
0 822 26809 1 931 0 822 26809
0 1693 12009 1 987 0 1693 12009
0 1076 22490 1 879 0 1076 22490
0 2079 5445 1 429 0 2079 5445
0 1458 16000 1 879 0 1458 16000
0 1049 22954 1 98 0 1049 22954
-1
32 29
0 1797 7518 1 435 0 1797 7518
0 1773 7927 1 788 0 1773 7927
0 1236 17054 2 1059 0 0 0 646 0 1236 17054
0 2033 3509 1 103 0 2033 3509
0 2159 1363 1 1156 0 2159 1363
0 1822 7090 1 1021 0 1822 7090
0 1438 13618 1 738 0 1438 13618
0 1805 7381 1 754 0 1805 7381
0 1026 20627 1 979 0 1026 20627
0 2212 463 1 26 0 2212 463
0 1640 10190 1 467 0 1640 10190
0 1933 5209 1 284 0 1933 5209
0 1691 9318 1 63 0 1691 9318
0 1679 9527 1 226 0 1679 9527
0 952 21881 1 988 0 952 21881
0 1560 11545 1 576 0 1560 11545
0 1024 20663 1 530 0 1024 20663
0 1265 16563 1 559 0 1265 16563
0 1679 9527 1 1126 0 1679 9527
0 1185 17927 1 492 0 1185 17927
0 1482 12872 1 418 0 1482 12872
0 876 23172 1 1097 0 876 23172
0 1013 20845 1 578 0 1013 20845
0 1744 8418 1 1090 0 1744 8418
0 1844 6718 1 446 0 1844 6718
0 1642 10154 1 405 0 1642 10154
0 1235 17072 1 1187 0 1235 17072
0 1155 18436 1 167 0 1155 18436
0 1557 11600 1 26 0 1557 11600
-1
5 32
0 960 3254 1 690 0 960 3254
0 964 3190 1 361 0 964 3190
0 596 9445 1 542 0 596 9445
0 811 5790 1 73 0 811 5790
0 824 5572 1 425 0 824 5572
0 1001 2563 1 745 0 1001 2563
0 913 4054 1 432 0 913 4054
0 813 5754 1 919 0 813 5754
0 1149 45 1 393 0 1149 45
0 993 2700 1 283 0 993 2700
0 1107 754 1 359 0 1107 754
0 1147 81 1 365 0 1147 81
0 816 5709 1 209 0 816 5709
0 578 9754 1 581 0 578 9754
0 1035 1981 1 695 0 1035 1981
0 541 10381 1 109 0 541 10381
0 540 10400 1 1149 0 540 10400
0 466 11654 1 371 0 466 11654
0 1130 363 1 1178 0 1130 363
0 842 5263 1 705 0 842 5263
0 405 12690 1 263 0 405 12690
0 1009 2427 1 221 0 1009 2427
0 389 12963 1 227 0 389 12963
0 1021 2218 1 283 0 1021 2218
0 438 12127 1 448 0 438 12127
0 429 12281 1 564 0 429 12281
0 660 8354 1 212 0 660 8354
0 588 9581 1 383 0 588 9581
0 1079 1236 1 1088 0 1079 1236
0 1023 2181 1 616 0 1023 2181
0 540 10400 1 861 0 540 10400
0 854 5063 1 371 0 854 5063
-1
3 31
0 1650 1190 1 1120 0 1650 1190
0 1636 1427 1 251 0 1636 1427
0 1534 3163 1 562 0 1534 3163
0 1560 2718 1 453 0 1560 2718
0 601 19027 1 662 0 601 19027
0 1390 5609 1 5 0 1390 5609
0 1052 11354 1 689 0 1052 11354
0 601 19027 1 40 0 601 19027
0 1194 8945 1 1070 0 1194 8945
0 1254 7927 1 732 0 1254 7927
0 592 19172 1 1065 0 592 19172
0 1627 1581 1 189 0 1627 1581
0 1079 10900 1 325 0 1079 10900
0 951 13072 1 573 0 951 13072
0 1047 11445 1 882 0 1047 11445
0 1063 11172 1 962 0 1063 11172
0 803 15590 1 264 0 803 15590
0 1036 11627 1 860 0 1036 11627
0 1097 10590 1 840 0 1097 10590
0 1310 6972 1 753 0 1310 6972
0 1184 9109 1 681 0 1184 9109
0 1155 9609 1 231 0 1155 9609
0 645 18272 1 365 0 645 18272
0 889 14127 1 1124 0 889 14127
0 1323 6745 1 1009 0 1323 6745
0 760 16318 1 630 0 760 16318
0 1142 9827 1 1042 0 1142 9827
0 1152 9654 1 491 0 1152 9654
0 851 14772 1 923 0 851 14772
0 796 15709 1 466 0 796 15709
0 956 12990 1 759 0 956 12990
-1
24 32
0 2430 12418 1 811 0 2430 12418
0 2807 6009 1 34 0 2807 6009
0 1931 20909 1 791 0 1931 20909
0 2943 3700 1 1026 0 2943 3700
0 1834 22554 1 70 0 1834 22554
0 1630 26018 1 360 0 1630 26018
0 2687 8054 1 559 0 2687 8054
0 1738 24190 2 709 0 1738 24181 720 0 0 9
0 1725 24409 1 756 0 1725 24409
0 2173 16790 1 135 0 2173 16790
0 1743 24100 1 36 0 1743 24100
0 1986 19972 1 268 0 1986 19972
0 3151 163 1 140 0 3151 163
0 2140 17354 1 984 0 2140 17354
0 1418 29627 1 188 0 1418 29627
0 2722 7454 1 488 0 2722 7454
0 1075 35454 1 521 0 1075 35454
0 2444 12181 1 1111 0 2444 12181
0 2297 14681 1 202 0 2297 14681
0 2598 9563 1 1045 0 2598 9563
0 2113 17809 1 986 0 2113 17809
0 1193 33454 1 114 0 1193 33454
0 3124 627 1 845 0 3124 627
0 2598 9563 1 137 0 2598 9563
0 2768 6672 1 5 0 2768 6672
0 1370 30445 1 1006 0 1370 30445
0 1766 23709 1 220 0 1766 23709
0 2039 19072 1 141 0 2039 19072
0 3073 1490 1 1011 0 3073 1490
0 2991 2881 1 188 0 2991 2881
0 2713 7609 1 966 0 2713 7609
0 3009 2581 1 5 0 3009 2581
-1
29 25
0 1575 20563 1 1093 0 1575 20563
0 2446 5754 1 237 0 2446 5754
0 1589 20327 1 60 0 1589 20327
0 2166 10518 1 78 0 2166 10518
0 1636 19527 1 660 0 1636 19527
0 1339 24581 1 492 0 1339 24581
0 2442 5827 1 1174 0 2442 5827
0 2197 9990 1 384 0 2197 9990
0 1820 16400 1 332 0 1820 16400
0 1524 21436 1 554 0 1524 21436
0 2126 11200 1 546 0 2126 11200
0 2724 1036 1 678 0 2724 1036
0 1150 27790 1 992 0 1150 27790
0 1591 20290 1 1085 0 1591 20290
0 2609 2990 1 652 0 2609 2990
0 1418 23236 1 489 0 1418 23236
0 1314 25000 1 360 0 1314 25000
0 2517 4554 1 1188 0 2517 4554
0 1107 28518 1 741 0 1107 28518
0 2205 9854 1 156 0 2205 9854
0 1898 15072 1 914 0 1898 15072
0 1065 29236 1 171 0 1065 29236
0 1106 28536 1 315 0 1106 28536
0 2328 7763 1 389 0 2328 7763
0 1370 24054 1 697 0 1370 24054
-1
10 34
0 1409 17690 1 291 0 1409 17690
0 2082 6245 1 808 0 2082 6245
0 1497 16190 1 1086 0 1497 16190
0 2203 4190 1 42 0 2203 4190
0 1786 11281 2 769 0 1786 11272 1157 0 0 9
0 2349 1709 1 25 0 2349 1709
0 1647 13645 1 238 0 1647 13645
0 1642 13727 1 360 0 1642 13727
0 2160 4918 1 1169 0 2160 4918
0 1950 8490 1 1189 0 1950 8490
0 1812 10836 1 322 0 1812 10836
0 2072 6418 1 283 0 2072 6418
0 1844 10290 1 740 0 1844 10290
0 1967 8200 1 667 0 1967 8200
0 1032 24100 1 376 0 1032 24100
0 1652 13554 1 58 0 1652 13554
0 1679 13100 1 568 0 1679 13100
0 1797 11090 1 405 0 1797 11090
0 1261 20200 1 522 0 1261 20200
0 2414 600 1 1091 0 2414 600
0 1355 18609 1 1033 0 1355 18609
0 903 26290 1 358 0 903 26290
0 1412 17636 1 969 0 1412 17636
0 909 26190 1 783 0 909 26190
0 1350 18690 1 916 0 1350 18690
0 879 26700 1 359 0 879 26700
0 1527 15681 1 356 0 1527 15681
0 1021 24281 1 1042 0 1021 24281
0 949 25509 1 777 0 949 25509
0 2002 7609 1 614 0 2002 7609
0 1959 8336 1 895 0 1959 8336
0 1223 20854 2 65 0 0 9 653 0 1223 20845
0 1728 12263 1 582 0 1728 12263
0 1774 11481 1 63 0 1774 11481
-1
9 34
0 1178 154 1 974 0 1178 154
0 1084 1745 1 793 0 1084 1745
0 638 9327 1 744 0 638 9327
0 1012 2972 1 485 0 1012 2972
0 686 8518 1 799 0 686 8518
0 422 13000 1 515 0 422 13000
0 1032 2636 1 959 0 1032 2636
0 963 3809 1 999 0 963 3809
0 884 5145 1 474 0 884 5145
0 714 8036 1 420 0 714 8036
0 765 7172 1 454 0 765 7172
0 1167 336 1 553 0 1167 336
0 1179 136 1 72 0 1179 136
0 437 12745 1 865 0 437 12745
0 939 4218 1 375 0 939 4218
0 932 4336 1 94 0 932 4336
0 1175 200 1 670 0 1175 200
0 487 11900 1 313 0 487 11900
0 553 10772 1 462 0 553 10772
0 540 11000 1 868 0 540 11000
0 495 11763 1 851 0 495 11763
0 550 10827 1 1081 0 550 10827
0 1079 1836 1 684 0 1079 1836
0 1105 1390 1 789 0 1105 1390
0 732 7736 1 385 0 732 7736
0 860 5554 1 230 0 860 5554
0 867 5436 1 652 0 867 5436
0 789 6763 1 235 0 789 6763
0 885 5136 1 765 0 885 5136
0 805 6490 1 488 0 805 6490
0 1147 681 1 1105 0 1147 681
0 1067 2036 1 337 0 1067 2036
0 979 3536 1 991 0 979 3536
0 959 3872 1 420 0 959 3872
-1
30 33
0 1227 2845 1 1095 0 1227 2845
0 806 10000 1 523 0 806 10000
0 1191 3454 1 380 0 1191 3454
0 636 12890 1 801 0 636 12890
0 1085 5263 1 653 0 1085 5263
0 895 8490 1 233 0 895 8490
0 1190 3472 1 50 0 1190 3472
0 1035 6109 1 289 0 1035 6109
0 985 6963 1 1082 0 985 6963
0 1263 2236 1 1164 0 1263 2236
0 538 14563 2 595 0 0 9 520 0 538 14554
0 963 7336 1 550 0 963 7336
0 550 14354 1 368 0 550 14354
0 609 13354 1 167 0 609 13354
0 1120 4663 1 949 0 1120 4663
0 881 8727 1 551 0 881 8727
0 809 9954 1 683 0 809 9954
0 951 7536 1 51 0 951 7536
0 752 10918 1 915 0 752 10918
0 998 6736 1 394 0 998 6736
0 1371 400 1 276 0 1371 400
0 556 14254 1 353 0 556 14254
0 1108 4872 1 651 0 1108 4872
0 673 12263 1 182 0 673 12263
0 464 15818 1 795 0 464 15818
0 748 10990 1 1093 0 748 10990
0 578 13881 1 401 0 578 13881
0 1093 5127 1 266 0 1093 5127
0 1251 2436 1 149 0 1251 2436
0 1037 6072 1 1061 0 1037 6072
0 1391 54 1 2 0 1391 54
0 954 7490 1 990 0 954 7490
0 564 14118 1 491 0 564 14118
-1
15 33
0 852 14845 1 746 0 852 14845
0 1596 2200 1 792 0 1596 2200
0 1355 6300 1 251 0 1355 6300
0 905 13945 1 1063 0 905 13945
0 1275 7654 1 1149 0 1275 7654
0 954 13118 1 112 0 954 13118
0 1528 3354 1 244 0 1528 3354
0 1664 1045 1 110 0 1664 1045
0 934 13454 1 692 0 934 13454
0 1604 2063 1 579 0 1604 2063
0 583 19418 1 61 0 583 19418
0 773 16190 1 61 0 773 16190
0 1482 4136 1 311 0 1482 4136
0 969 12863 2 835 0 0 9 325 0 969 12854
0 838 15090 2 234 0 0 9 572 0 838 15081
0 672 17909 1 664 0 672 17909
0 692 17572 2 535 0 0 9 465 0 692 17563
0 1386 5772 1 57 0 1386 5772
0 700 17436 1 579 0 700 17436
0 1413 5309 1 1101 0 1413 5309
0 1603 2081 1 61 0 1603 2081
0 619 18809 1 408 0 619 18809
0 1267 7790 1 394 0 1267 7790
0 1575 2554 1 635 0 1575 2554
0 789 15918 1 600 0 789 15918
0 885 14290 1 674 0 885 14290
0 1258 7945 1 594 0 1258 7945
0 1675 854 1 676 0 1675 854
0 1202 8900 1 1046 0 1202 8900
0 814 15490 1 372 0 814 15490
0 600 19136 1 371 0 600 19136
0 1000 12336 1 691 0 1000 12336
0 1457 4563 1 143 0 1457 4563
-1
26 31
0 2413 7336 1 971 0 2413 7336
0 2790 927 1 880 0 2790 927
0 2328 8781 1 788 0 2328 8781
0 956 32109 1 151 0 956 32109
0 2531 5336 1 887 0 2531 5336
0 2214 10718 1 1093 0 2214 10718
0 2183 11245 1 806 0 2183 11245
0 1095 29745 1 221 0 1095 29745
0 2277 9654 1 494 0 2277 9654
0 1200 27963 1 977 0 1200 27963
0 2002 14327 1 704 0 2002 14327
0 2003 14309 1 1018 0 2003 14309
0 1450 23709 1 356 0 1450 23709
0 2281 9581 1 1069 0 2281 9581
0 1681 19781 1 945 0 1681 19781
0 1788 17963 1 118 0 1788 17963
0 2614 3918 1 1168 0 2614 3918
0 1336 25645 1 971 0 1336 25645
0 1786 18000 1 239 0 1786 18000
0 1419 24236 1 617 0 1419 24236
0 2030 13845 1 521 0 2030 13845
0 1397 24609 1 76 0 1397 24609
0 1450 23709 1 1186 0 1450 23709
0 1934 15481 1 1095 0 1934 15481
0 2525 5436 1 498 0 2525 5436
0 1478 23236 1 239 0 1478 23236
0 1093 29781 1 1084 0 1093 29781
0 1854 16845 1 343 0 1854 16845
0 1143 28927 1 523 0 1143 28927
0 1101 29645 1 703 0 1101 29645
0 1159 28654 1 1084 0 1159 28654
-1
17 30
0 1255 1827 1 375 0 1255 1827
0 1334 481 1 664 0 1334 481
0 1340 381 1 966 0 1340 381
0 931 7336 1 922 0 931 7336
0 779 9918 1 805 0 779 9918
0 876 8263 1 987 0 876 8263
0 1316 790 1 871 0 1316 790
0 906 7754 2 336 0 0 0 736 0 906 7754
0 644 12209 1 1162 0 644 12209
0 1237 2127 1 1041 0 1237 2127
0 1187 2981 1 242 0 1187 2981
0 960 6836 1 477 0 960 6836
0 1127 4000 1 345 0 1127 4000
0 946 7081 2 1117 0 946 7072 507 0 0 9
0 1335 463 1 637 0 1335 463
0 765 10154 1 133 0 765 10154
0 829 9063 1 875 0 829 9063
0 568 13500 1 920 0 568 13500
0 1260 1736 1 839 0 1260 1736
0 615 12700 1 693 0 615 12700
0 1112 4254 1 539 0 1112 4254
0 820 9218 1 449 0 820 9218
0 543 13927 1 577 0 543 13927
0 1056 5209 1 16 0 1056 5209
0 885 8118 1 1163 0 885 8118
0 467 15218 1 454 0 467 15218
0 564 13572 1 805 0 564 13572
0 514 14418 1 539 0 514 14418
0 532 14118 1 184 0 532 14118
0 1280 1400 1 440 0 1280 1400
-1
8 35
0 482 10881 1 756 0 482 10881
0 802 5445 1 326 0 802 5445
0 775 5900 1 804 0 775 5900
0 1010 1909 1 414 0 1010 1909
0 435 11681 1 282 0 435 11681
0 998 2109 1 859 0 998 2109
0 1070 890 1 1137 0 1070 890
0 883 4063 1 179 0 883 4063
0 940 3100 1 715 0 940 3100
0 847 4681 1 917 0 847 4681
0 1049 1245 1 626 0 1049 1245
0 635 8281 1 668 0 635 8281
0 861 4436 1 576 0 861 4436
0 976 2481 1 437 0 976 2481
0 560 9554 1 691 0 560 9554
0 899 3790 1 50 0 899 3790
0 907 3654 1 607 0 907 3654
0 1095 463 1 858 0 1095 463
0 535 9981 1 872 0 535 9981
0 625 8454 1 88 0 625 8454
0 519 10254 1 531 0 519 10254
0 573 9336 2 419 0 0 0 896 0 573 9336
0 480 10918 1 1059 0 480 10918
0 1020 1736 1 675 0 1020 1736
0 709 7027 1 1036 0 709 7027
0 816 5209 1 28 0 816 5209
0 515 10318 1 312 0 515 10318
0 579 9236 1 626 0 579 9236
0 478 10954 2 794 0 478 10954 820 0 0 0
0 1053 1172 1 1182 0 1053 1172
0 491 10727 1 355 0 491 10727
0 410 12109 1 716 0 410 12109
0 491 10727 1 913 0 491 10727
0 817 5190 1 860 0 817 5190
0 890 3945 1 594 0 890 3945
-1
40 27
0 1472 6963 1 151 0 1472 6963
0 1413 7963 1 1150 0 1413 7963
0 1740 2409 1 1024 0 1740 2409
0 1872 163 1 963 0 1872 163
0 938 16036 1 534 0 938 16036
0 1474 6927 1 884 0 1474 6927
0 1717 2800 1 724 0 1717 2800
0 1221 11227 2 41 0 0 0 1036 0 1221 11227
0 1787 1609 1 1119 0 1787 1609
0 1473 6945 2 552 0 1473 6945 168 0 0 0
0 1139 12627 1 280 0 1139 12627
0 765 18981 1 418 0 765 18981
0 1314 9645 1 1115 0 1314 9645
0 859 17381 1 202 0 859 17381
0 1374 8627 1 887 0 1374 8627
0 1722 2709 1 654 0 1722 2709
0 826 17945 1 128 0 826 17945
0 1783 1672 1 378 0 1783 1672
0 739 19427 1 907 0 739 19427
0 1662 3736 1 632 0 1662 3736
0 1304 9818 1 460 0 1304 9818
0 1836 772 1 966 0 1836 772
0 1046 14200 1 469 0 1046 14200
0 1339 9227 1 286 0 1339 9227
0 1548 5672 1 487 0 1548 5672
0 1320 9545 1 155 0 1320 9545
0 1006 14881 1 923 0 1006 14881
-1
16 34
0 979 18718 1 652 0 979 18718
0 1513 9636 1 506 0 1513 9636
0 1743 5727 1 485 0 1743 5727
0 968 18900 1 1151 0 968 18900
0 1373 12018 1 959 0 1373 12018
0 1437 10927 1 78 0 1437 10927
0 1388 11763 1 863 0 1388 11763
0 1067 17218 1 1126 0 1067 17218
0 2040 681 1 275 0 2040 681
0 1577 8554 1 485 0 1577 8554
0 1654 7245 1 168 0 1654 7245
0 1992 1490 1 652 0 1992 1490
0 1247 14163 1 98 0 1247 14163
0 1226 14518 1 904 0 1226 14518
0 2034 781 1 1052 0 2034 781
0 1238 14309 1 875 0 1238 14309
0 2013 1136 1 776 0 2013 1136
0 1600 8163 1 1096 0 1600 8163
0 1386 11800 1 872 0 1386 11800
0 1353 12354 1 203 0 1353 12354
0 1007 18236 1 841 0 1007 18236
0 2048 545 1 895 0 2048 545
0 1539 9200 1 1121 0 1539 9200
0 1609 8009 1 1070 0 1609 8009
0 1095 16745 1 871 0 1095 16745
0 1371 12054 1 1051 0 1371 12054
0 1129 16163 1 566 0 1129 16163
0 1451 10690 1 120 0 1451 10690
0 890 20227 1 165 0 890 20227
0 1103 16609 1 206 0 1103 16609
0 1468 10400 1 194 0 1468 10400
0 1594 8263 1 938 0 1594 8263
0 1378 11936 1 581 0 1378 11936
0 1820 4418 1 951 0 1820 4418
-1
2 37
0 983 19263 1 1168 0 983 19263
0 1672 7554 1 94 0 1672 7554
0 2025 1554 1 299 0 2025 1554
0 962 19627 1 12 0 962 19627
0 895 20763 1 852 0 895 20763
0 1141 16581 1 131 0 1141 16581
0 1335 13281 1 1189 0 1335 13281
0 947 19881 1 919 0 947 19881
0 2079 636 1 616 0 2079 636
0 1756 6127 1 846 0 1756 6127
0 1912 3472 1 148 0 1912 3472
0 1796 5445 1 797 0 1796 5445
0 1081 17600 1 943 0 1081 17600
0 1541 9781 1 251 0 1541 9781
0 903 20627 1 249 0 903 20627
0 817 22090 1 396 0 817 22090
0 1908 3545 1 563 0 1908 3545
0 1007 18854 1 1043 0 1007 18854
0 1346 13099 2 954 0 0 9 580 0 1346 13090
0 1099 17290 1 73 0 1099 17290
0 1273 14336 1 457 0 1273 14336
0 923 20290 2 995 0 923 20281 936 0 0 9
0 1411 11990 1 1040 0 1411 11990
0 1423 11790 2 304 0 1423 11781 161 0 0 9
0 1959 2672 1 882 0 1959 2672
0 1220 15236 1 601 0 1220 15236
0 1771 5872 1 402 0 1771 5872
0 1859 4372 1 172 0 1859 4372
0 1418 11872 1 741 0 1418 11872
0 1231 15054 1 435 0 1231 15054
0 1138 16627 1 190 0 1138 16627
0 873 21136 1 1176 0 873 21136
0 1759 6072 1 793 0 1759 6072
0 2026 1536 1 177 0 2026 1536
0 1401 12163 1 741 0 1401 12163
0 1736 6463 1 1064 0 1736 6463
0 1961 2636 1 1189 0 1961 2636
-1
6 29
0 1483 12709 1 644 0 1483 12709
0 1243 16790 1 380 0 1243 16790
0 1129 18727 1 770 0 1129 18727
0 1721 8663 1 454 0 1721 8663
0 1506 12318 1 669 0 1506 12318
0 1809 7172 1 965 0 1809 7172
0 949 21790 1 821 0 949 21790
0 934 22045 1 70 0 934 22045
0 2223 136 2 716 0 2223 127 597 0 0 9
0 1220 17181 1 375 0 1220 17181
0 2135 1627 1 78 0 2135 1627
0 2206 418 1 1119 0 2206 418
0 1164 18136 1 1002 0 1164 18136
0 1705 8936 1 463 0 1705 8936
0 1683 9309 1 868 0 1683 9309
0 1747 8227 1 1105 0 1747 8227
0 887 22845 1 233 0 887 22845
0 831 23800 1 831 0 831 23800
0 1308 15690 1 594 0 1308 15690
0 1936 5009 1 1134 0 1936 5009
0 1528 11945 1 157 0 1528 11945
0 1632 10181 1 312 0 1632 10181
0 1981 4245 1 1173 0 1981 4245
0 1847 6527 1 429 0 1847 6527
0 1454 13209 1 309 0 1454 13209
0 1369 14654 2 363 0 1369 14645 276 0 0 9
0 1697 9072 1 885 0 1697 9072
0 1174 17963 1 919 0 1174 17963
0 2076 2627 1 377 0 2076 2627
-1
1 34
0 1430 15490 1 620 0 1430 15490
0 1321 17345 1 783 0 1321 17345
0 1907 7381 1 526 0 1907 7381
0 1425 15581 1 1091 0 1425 15581
0 1788 9409 1 935 0 1788 9409
0 2085 4363 1 558 0 2085 4363
0 2264 1318 1 287 0 2264 1318
0 1536 13690 1 1065 0 1536 13690
0 1165 20000 1 903 0 1165 20000
0 1288 17909 1 199 0 1288 17909
0 2277 1100 1 23 0 2277 1100
0 1304 17636 1 690 0 1304 17636
0 1372 16481 1 109 0 1372 16481
0 1562 13254 1 63 0 1562 13254
0 1290 17872 1 1006 0 1290 17872
0 861 25172 2 640 0 861 25163 954 0 0 9
0 2053 4900 1 442 0 2053 4900
0 2333 145 1 835 0 2333 145
0 1225 18981 1 386 0 1225 18981
0 2134 3527 1 850 0 2134 3527
0 1825 8781 1 891 0 1825 8781
0 1240 18727 1 562 0 1240 18727
0 2195 2490 1 402 0 2195 2490
0 1275 18127 1 533 0 1275 18127
0 1750 10054 1 1083 0 1750 10054
0 2247 1609 1 867 0 2247 1609
0 847 25409 1 524 0 847 25409
0 1261 18363 1 61 0 1261 18363
0 1675 11327 1 554 0 1675 11327
0 1094 21209 1 732 0 1094 21209
0 2030 5290 1 734 0 2030 5290
0 1340 17027 1 43 0 1340 17027
0 1042 22090 1 1101 0 1042 22090
0 1030 22290 1 662 0 1030 22290
-1
33 32
0 1134 19072 1 162 0 1134 19072
0 1913 5827 1 838 0 1913 5827
0 1652 10263 1 1065 0 1652 10263
0 2200 954 1 765 0 2200 954
0 1270 16763 3 575 0 0 0 47 0 1 0 364 0 1269 16763
0 2060 3327 1 599 0 2060 3327
0 1897 6100 1 493 0 1897 6100
0 2179 1309 1 224 0 2179 1309
0 2076 3054 1 420 0 2076 3054
0 965 21945 1 348 0 965 21945
0 2033 3790 1 275 0 2033 3790
0 1992 4490 2 342 0 0 9 645 0 1992 4481
0 1064 20263 1 56 0 1064 20263
0 2047 3554 1 755 0 2047 3554
0 887 23272 1 1136 0 887 23272
0 2058 3363 1 959 0 2058 3363
0 991 21500 1 1031 0 991 21500
0 1809 7600 1 145 0 1809 7600
0 1942 5336 1 184 0 1942 5336
0 1101 19636 1 907 0 1101 19636
0 1174 18390 1 639 0 1174 18390
0 1348 15436 1 723 0 1348 15436
0 996 21418 1 774 0 996 21418
0 1394 14654 1 170 0 1394 14654
0 1544 12100 1 133 0 1544 12100
0 1429 14054 1 599 0 1429 14054
0 1148 18836 1 570 0 1148 18836
0 1997 4400 1 420 0 1997 4400
0 1150 18800 1 1000 0 1150 18800
0 2211 763 1 463 0 2211 763
0 818 24445 1 487 0 818 24445
0 752 25563 1 487 0 752 25563
-1
39 27
0 1258 20254 1 52 0 1258 20254
0 1672 13218 1 1087 0 1672 13218
0 2398 872 1 1147 0 2398 872
0 2011 7454 1 1194 0 2011 7454
0 1638 13799 2 93 0 0 9 122 0 1638 13790
0 1454 16927 1 1051 0 1454 16927
0 2127 5481 1 832 0 2127 5481
0 1000 24645 1 832 0 1000 24645
0 934 25763 1 902 0 934 25763
0 1030 24127 1 200 0 1030 24127
0 1779 11400 1 224 0 1779 11400
0 2374 1281 1 315 0 2374 1281
0 2002 7609 1 1188 0 2002 7609
0 961 25300 1 661 0 961 25300
0 1463 16772 1 384 0 1463 16772
0 1187 21463 1 325 0 1187 21463
0 1750 11890 1 1111 0 1750 11890
0 2280 2881 1 680 0 2280 2881
0 1514 15900 1 204 0 1514 15900
0 1731 12218 1 156 0 1731 12218
0 1854 10127 1 991 0 1854 10127
0 1741 12045 1 452 0 1741 12045
0 1402 17809 1 200 0 1402 17809
0 2085 6200 1 1068 0 2085 6200
0 1968 8181 1 171 0 1968 8181
0 1137 22309 1 747 0 1137 22309
0 2019 7318 1 661 0 2019 7318
-1
12 25
0 2010 3754 1 1151 0 2010 3754
0 2147 1427 1 1186 0 2147 1427
0 1991 4072 1 1070 0 1991 4072
0 1893 5745 1 1164 0 1893 5745
0 1959 4618 1 654 0 1959 4618
0 1876 6027 1 1065 0 1876 6027
0 1888 5827 1 394 0 1888 5827
0 2231 0 1 367 0 2231 0
0 1835 6727 1 169 0 1835 6727
0 1443 13390 1 227 0 1443 13390
0 1660 9700 1 1012 0 1660 9700
0 2024 3518 1 627 0 2024 3518
0 2053 3018 1 603 0 2053 3018
0 1500 12427 1 388 0 1500 12427
0 755 25090 1 691 0 755 25090
0 1632 10181 1 856 0 1632 10181
0 1539 11763 1 844 0 1539 11763
0 2010 3754 1 227 0 2010 3754
0 1288 16027 1 231 0 1288 16027
0 1180 17863 1 1121 0 1180 17863
0 1891 5772 1 629 0 1891 5772
0 1571 11218 1 636 0 1571 11218
0 2064 2836 1 437 0 2064 2836
0 1408 13990 1 28 0 1408 13990
0 1640 10045 1 353 0 1640 10045
-1
13 38
0 1091 14318 1 503 0 1091 14318
0 1547 6572 1 177 0 1547 6572
0 900 17572 1 412 0 900 17572
0 1224 12063 1 1029 0 1224 12063
0 1710 3800 1 953 0 1710 3800
0 1761 2927 1 587 0 1761 2927
0 1498 7400 1 505 0 1498 7400
0 1606 5563 1 1132 0 1606 5563
0 1738 3318 1 880 0 1738 3318
0 839 18609 1 770 0 839 18609
0 1143 13436 1 745 0 1143 13436
0 1365 9663 1 41 0 1365 9663
0 734 20390 1 343 0 734 20390
0 1566 6245 2 429 0 1566 6245 420 0 0 0
0 1478 7745 1 72 0 1478 7745
0 1130 13654 1 1093 0 1130 13654
0 1129 13672 1 1077 0 1129 13672
0 1502 7336 1 590 0 1502 7336
0 1264 11381 1 280 0 1264 11381
0 1500 7372 1 32 0 1500 7372
0 1730 3454 1 755 0 1730 3454
0 1172 12945 1 763 0 1172 12945
0 1622 5290 1 590 0 1622 5290
0 1489 7554 1 238 0 1489 7554
0 1224 12063 1 678 0 1224 12063
0 862 18218 1 745 0 862 18218
0 1465 7963 1 445 0 1465 7963
0 1825 1845 1 157 0 1825 1845
0 820 18927 1 1149 0 820 18927
0 1498 7400 1 1197 0 1498 7400
0 1399 9081 1 381 0 1399 9081
0 1028 15390 1 85 0 1028 15390
0 1832 1727 1 915 0 1832 1727
0 1330 10254 1 366 0 1330 10254
0 1657 4700 1 1052 0 1657 4700
0 925 17145 1 1077 0 925 17145
0 1493 7490 1 1077 0 1493 7490
0 1675 4390 1 1077 0 1675 4390
-1
28 28
0 672 10845 1 315 0 672 10845
0 1220 1527 1 905 0 1220 1527
0 574 12509 1 991 0 574 12509
0 1191 2018 1 978 0 1191 2018
0 1072 4045 1 343 0 1072 4045
0 1304 100 1 274 0 1304 100
0 1183 2154 1 1011 0 1183 2154
0 1310 0 1 611 0 1310 0
0 584 12336 1 829 0 584 12336
0 1307 45 1 692 0 1307 45
0 706 10263 1 611 0 706 10263
0 601 12054 1 1065 0 601 12054
0 739 9709 1 653 0 739 9709
0 703 10318 1 76 0 703 10318
0 1073 4027 1 198 0 1073 4027
0 919 6645 1 203 0 919 6645
0 952 6081 1 244 0 952 6081
0 815 8409 1 122 0 815 8409
0 896 7036 1 539 0 896 7036
0 638 11418 1 272 0 638 11418
0 712 10163 1 110 0 712 10163
0 1219 1545 1 725 0 1219 1545
0 1024 4863 1 347 0 1024 4863
0 609 11918 1 623 0 609 11918
0 533 13209 1 982 0 533 13209
0 1247 1072 1 517 0 1247 1072
0 1223 1481 2 703 0 1223 1472 174 0 0 9
0 1206 1763 1 74 0 1206 1763
-1
36 26
0 1402 16600 1 1127 0 1402 16600
0 1780 10172 1 1115 0 1780 10172
0 2265 1927 1 393 0 2265 1927
0 1344 17581 1 657 0 1344 17581
0 1586 13472 1 802 0 1586 13472
0 1643 12500 1 151 0 1643 12500
0 1924 7727 1 30 0 1924 7727
0 1196 20100 1 321 0 1196 20100
0 1833 9272 1 863 0 1833 9272
0 1515 14681 2 293 0 0 9 647 0 1515 14672
0 2308 1200 1 225 0 2308 1200
0 1630 12718 1 733 0 1630 12718
0 1612 13027 1 375 0 1612 13027
0 958 24145 1 1084 0 958 24145
0 1361 17299 2 317 0 0 9 75 0 1361 17290
0 1774 10272 1 508 0 1774 10272
0 975 23854 1 825 0 975 23854
0 2276 1736 1 895 0 2276 1736
0 1058 22445 1 1050 0 1058 22445
0 1201 20018 1 748 0 1201 20018
0 1723 11145 2 124 0 1723 11136 159 0 0 9
0 1074 22172 1 409 0 1074 22172
0 1562 13881 1 32 0 1562 13881
0 1033 22872 1 57 0 1033 22872
0 1277 18727 1 9 0 1277 18727
0 1827 9372 1 440 0 1827 9372
-1
18 30
0 1056 6054 1 967 0 1056 6054
0 1344 1154 1 982 0 1344 1154
0 1047 6209 1 100 0 1047 6209
0 1218 3300 1 363 0 1218 3300
0 712 11900 1 1037 0 712 11900
0 514 15263 1 880 0 514 15263
0 881 9027 1 215 0 881 9027
0 1168 4145 1 740 0 1168 4145
0 1338 1263 2 1053 0 0 9 636 0 1338 1254
0 1032 6463 1 955 0 1032 6463
0 1203 3554 1 667 0 1203 3554
0 1344 1154 1 674 0 1344 1154
0 1393 327 1 483 0 1393 327
0 502 15472 1 979 0 502 15472
0 651 12936 1 378 0 651 12936
0 1280 2245 1 828 0 1280 2245
0 929 8209 1 635 0 929 8209
0 639 13145 1 344 0 639 13145
0 1323 1509 1 72 0 1323 1509
0 527 15045 1 369 0 527 15045
0 1138 4663 2 998 0 1138 4654 62 0 0 9
0 616 13536 1 635 0 616 13536
0 1359 900 1 811 0 1359 900
0 1156 4354 1 492 0 1156 4354
0 1377 600 1 1055 0 1377 600
0 1412 0 1 289 0 1412 0
0 1098 5336 1 726 0 1098 5336
0 854 9490 1 280 0 854 9490
0 1409 54 1 777 0 1409 54
0 1068 5845 1 652 0 1068 5845
-1
