1 48
0 0 0 0
0 0 0 0
0 0 0 0
0 785 267 1 7 0 785 267
0 512 2864 1 8 0 512 2864
0 0 0 0
0 0 0 0
0 0 0 0
0 0 0 0
0 0 0 0
0 430 3645 1 6 0 430 3645
0 0 0 0
0 401 3922 1 7 0 401 3922
0 772 390 1 4 0 772 390
0 689 1180 1 3 0 689 1180
0 750 600 1 2 0 750 600
0 784 277 1 6 0 784 277
0 0 0 0
0 0 0 0
0 658 1474 1 9 0 658 1474
0 0 0 0
0 690 1170 1 2 0 690 1170
0 0 0 0
0 0 0 0
0 0 0 0
0 0 0 0
0 0 0 0
0 0 0 0
0 0 0 0
0 0 0 0
0 0 0 0
0 302 4864 1 9 0 302 4864
0 0 0 0
0 0 0 0
0 0 0 0
0 0 0 0
0 638 1664 1 6 0 638 1664
0 0 0 0
0 0 0 0
0 0 0 0
0 0 0 0
0 735 741 1 1 0 735 741
0 0 0 0
0 0 0 0
0 0 0 0
0 0 0 0
0 0 0 0
0 0 0 0
-1
2 48
0 722 9648 1 5 0 722 9648
0 1262 4509 1 3 0 1262 4509
0 0 0 0
0 1590 1387 1 4 0 1590 1387
0 1466 2564 1 5 0 1466 2564
0 0 0 0
0 858 8351 1 5 0 858 8351
0 1677 558 1 9 0 1677 558
0 786 9038 1 4 0 786 9038
0 583 10970 1 5 0 583 10970
0 1501 2235 1 4 0 1501 2235
0 1588 1406 1 9 0 1588 1406
0 1395 3241 1 4 0 1395 3241
0 1610 1196 1 6 0 1610 1196
0 0 0 0
0 1011 6896 1 5 0 1011 6896
0 0 0 0
0 0 0 0
0 0 0 0
0 1648 835 1 9 0 1648 835
0 1290 4241 1 5 0 1290 4241
0 831 8609 1 3 0 831 8609
0 1454 2680 1 9 0 1454 2680
0 0 0 0
0 0 0 0
0 891 8038 1 6 0 891 8038
0 1543 1835 1 6 0 1543 1835
0 1623 1074 1 6 0 1623 1074
0 1049 6535 1 4 0 1049 6535
0 1499 2251 1 9 0 1499 2251
0 0 0 0
0 905 7906 1 5 0 905 7906
0 0 0 0
0 1382 3367 1 4 0 1382 3367
0 0 0 0
0 1277 4364 1 5 0 1277 4364
0 0 0 0
0 1102 6032 1 3 0 1102 6032
0 0 0 0
0 1623 1074 1 5 0 1623 1074
0 861 8325 1 4 0 861 8325
0 0 0 0
0 950 7477 1 5 0 950 7477
0 0 0 0
0 0 0 0
0 1668 645 1 4 0 1668 645
0 892 8029 1 6 0 892 8029
0 1229 4822 1 4 0 1229 4822
-1
4 37
0 0 0 0
0 0 0 0
0 0 0 0
0 0 0 0
0 1097 1954 1 3 0 1097 1954
0 0 0 0
0 0 0 0
0 856 4251 1 6 0 856 4251
0 1218 806 1 1 0 1218 806
0 0 0 0
0 1144 1512 1 3 0 1144 1512
0 0 0 0
0 0 0 0
0 1240 600 1 8 0 1240 600
0 0 0 0
0 1186 1112 1 9 0 1186 1112
0 764 5129 1 2 0 764 5129
0 0 0 0
0 1274 274 1 7 0 1274 274
0 0 0 0
0 0 0 0
0 1274 274 1 9 0 1274 274
0 754 5222 1 2 0 754 5222
0 777 5003 1 2 0 777 5003
0 0 0 0
0 0 0 0
0 0 0 0
0 0 0 0
0 0 0 0
0 0 0 0
0 0 0 0
0 0 0 0
0 0 0 0
0 0 0 0
0 0 0 0
0 1163 1332 1 1 0 1163 1332
0 1195 1025 1 7 0 1195 1025
-1
3 53
0 0 0 0
0 0 0 0
0 0 0 0
0 0 0 0
0 0 0 0
0 0 0 0
0 0 0 0
0 0 0 0
0 533 1777 1 7 0 533 1777
0 0 0 0
0 0 0 0
0 0 0 0
0 506 2035 1 2 0 506 2035
0 662 551 1 8 0 662 551
0 0 0 0
0 0 0 0
0 0 0 0
0 0 0 0
0 0 0 0
0 0 0 0
0 0 0 0
0 638 777 1 8 0 638 777
0 0 0 0
0 379 3241 1 2 0 379 3241
0 0 0 0
0 0 0 0
0 0 0 0
0 0 0 0
0 0 0 0
0 487 2216 1 2 0 487 2216
0 610 1045 1 3 0 610 1045
0 0 0 0
0 0 0 0
0 0 0 0
0 0 0 0
0 0 0 0
0 0 0 0
0 637 787 1 2 0 637 787
0 0 0 0
0 0 0 0
0 0 0 0
0 0 0 0
0 0 0 0
0 0 0 0
0 0 0 0
0 0 0 0
0 0 0 0
0 0 0 0
0 503 2064 1 7 0 503 2064
0 471 2367 1 8 0 471 2367
0 0 0 0
0 0 0 0
0 526 1845 1 2 0 526 1845
-1
5 37
0 1292 1400 1 2 0 1292 1400
0 0 0 0
0 0 0 0
0 0 0 0
0 1376 596 1 1 0 1376 596
0 0 0 0
0 0 0 0
0 0 0 0
0 1388 487 1 6 0 1388 487
0 0 0 0
0 0 0 0
0 0 0 0
0 1171 2551 1 7 0 1171 2551
0 1426 125 1 6 0 1426 125
0 0 0 0
0 0 0 0
0 1373 629 1 8 0 1373 629
0 1380 561 1 9 0 1380 561
0 685 7177 1 2 0 685 7177
0 0 0 0
0 847 5635 1 8 0 847 5635
0 0 0 0
0 1041 3790 1 1 0 1041 3790
0 0 0 0
0 0 0 0
0 1088 3341 1 7 0 1088 3341
0 0 0 0
0 0 0 0
0 754 6519 1 7 0 754 6519
0 0 0 0
0 0 0 0
0 818 5909 1 2 0 818 5909
0 0 0 0
0 0 0 0
0 0 0 0
0 508 8861 1 7 0 508 8861
0 515 8793 1 7 0 515 8793
-1
