2 40
0 2362 3127 1 8 0 2362 3127
0 2502 2622 1 159 0 2502 2622
0 3016 770 1 68 0 3016 770
0 2012 4389 1 44 0 2012 4389
0 2689 1950 1 102 0 2689 1950
0 1642 5722 1 178 0 1642 5722
0 2386 3041 1 145 0 2386 3041
0 1391 6627 1 151 0 1391 6627
0 3026 735 1 1 0 3026 735
0 2678 1989 1 125 0 2678 1989
0 1862 4929 1 14 0 1862 4929
0 1300 6956 1 24 0 1300 6956
0 2355 3152 1 145 0 2355 3152
0 2962 964 1 69 0 2962 964
0 1768 5268 1 141 0 1768 5268
0 2458 2781 1 21 0 2458 2781
0 2106 4050 1 17 0 2106 4050
0 1416 6537 1 162 0 1416 6537
0 2999 831 1 34 0 2999 831
0 1302 6947 1 90 0 1302 6947
0 1526 6141 1 84 0 1526 6141
0 2763 1683 1 59 0 2763 1683
0 1759 5300 1 146 0 1759 5300
0 2947 1018 1 37 0 2947 1018
0 2318 3285 1 130 0 2318 3285
0 2656 2068 1 130 0 2656 2068
0 1845 4991 1 91 0 1845 4991
0 2191 3743 1 39 0 2191 3743
0 1854 4958 1 99 0 1854 4958
0 0 0 0
0 2976 914 1 94 0 2976 914
0 2759 1695 1 156 0 2759 1695
0 2882 1254 1 26 0 2882 1254
0 1091 7708 1 42 0 1091 7708
0 2104 4058 1 32 0 2104 4058
0 2215 3658 1 132 0 2215 3658
0 1286 7006 1 127 0 1286 7006
0 2984 885 1 94 0 2984 885
0 2823 1466 1 119 0 2823 1466
0 2404 2977 1 96 0 2404 2977
-1
4 53
0 1435 681 1 136 0 1435 681
0 693 3358 1 97 0 693 3358
0 1266 1291 1 106 0 1266 1291
0 936 2481 1 67 0 936 2481
0 1200 1531 1 180 0 1200 1531
0 1142 1739 1 135 0 1142 1739
0 1282 1235 1 153 0 1282 1235
0 1188 1572 1 127 0 1188 1572
0 1344 1010 1 38 0 1344 1010
0 827 2875 1 89 0 827 2875
0 1282 1235 1 132 0 1282 1235
0 1464 579 1 35 0 1464 579
0 697 3343 1 106 0 697 3343
0 1434 687 1 154 0 1434 687
0 963 2385 1 107 0 963 2385
0 1146 1725 1 123 0 1146 1725
0 905 2593 1 189 0 905 2593
0 1585 143 2 72 0 1585 141 87 0 0 2
0 813 2925 1 181 0 813 2925
0 604 3679 1 4 0 604 3679
0 598 3700 1 157 0 598 3700
0 1537 314 1 190 0 1537 314
0 1591 120 1 43 0 1591 120
0 1070 1997 1 79 0 1070 1997
0 1467 568 1 132 0 1467 568
0 1305 1152 1 93 0 1305 1152
0 1357 964 1 138 0 1357 964
0 1516 391 1 117 0 1516 391
0 596 3706 1 113 0 596 3706
0 1349 993 1 109 0 1349 993
0 1451 625 1 140 0 1451 625
0 1538 312 1 186 0 1538 312
0 1020 2179 1 170 0 1020 2179
0 1299 1172 1 138 0 1299 1172
0 1454 614 1 89 0 1454 614
0 1079 1966 1 119 0 1079 1966
0 957 2406 1 154 0 957 2406
0 743 3177 2 157 0 0 0 163 0 743 3177
0 874 2704 1 13 0 874 2704
0 934 2489 1 138 0 934 2489
0 1053 2060 1 163 0 1053 2060
0 1467 568 1 48 0 1467 568
0 1008 2222 1 179 0 1008 2222
0 1265 1295 1 3 0 1265 1295
0 1027 2154 1 167 0 1027 2154
0 887 2658 1 65 0 887 2658
0 1394 831 1 109 0 1394 831
0 1274 1262 1 66 0 1274 1262
0 1540 304 1 168 0 1540 304
0 988 2293 1 66 0 988 2293
0 1409 777 1 163 0 1409 777
0 1034 2129 1 190 0 1034 2129
0 1391 841 1 29 0 1391 841
-1
9 56
0 3281 562 1 160 0 3281 562
0 1640 6477 1 75 0 1640 6477
0 2526 3285 1 172 0 2526 3285
0 3233 737 2 171 0 3232 737 116 0 1 0
0 2299 4102 1 147 0 2299 4102
0 2698 2664 1 27 0 2698 2664
0 3238 718 1 26 0 3238 718
0 3204 841 2 9 0 3203 841 92 0 1 0
0 1426 7250 1 121 0 1426 7250
0 1835 5775 1 93 0 1835 5775
0 3436 4 1 5 0 3436 4
0 2111 4779 1 165 0 2111 4779
0 3374 227 1 132 0 3374 227
0 3287 541 1 50 0 3287 541
0 2983 1637 1 135 0 2983 1637
0 2228 4358 1 24 0 2228 4358
0 3285 547 1 86 0 3285 547
0 3069 1327 1 65 0 3069 1327
0 3074 1308 1 146 0 3074 1308
0 1242 7912 1 64 0 1242 7912
0 3123 1133 1 180 0 3123 1133
0 1445 7181 1 142 0 1445 7181
0 2001 5177 1 80 0 2001 5177
0 2868 2052 1 160 0 2868 2052
0 3276 581 1 76 0 3276 581
0 2874 2029 1 140 0 2874 2029
0 1960 5325 1 112 0 1960 5325
0 1750 6081 1 176 0 1750 6081
0 1458 7133 1 187 0 1458 7133
0 2326 4006 1 195 0 2326 4006
0 1443 7187 1 194 0 1443 7187
0 2397 3750 1 117 0 2397 3750
0 1213 8016 1 5 0 1213 8016
0 1193 8089 1 138 0 1193 8089
0 1449 7166 1 92 0 1449 7166
0 1396 7356 1 96 0 1396 7356
0 1786 5952 1 152 0 1786 5952
0 3248 681 1 43 0 3248 681
0 2046 5014 1 25 0 2046 5014
0 1909 5508 1 189 0 1909 5508
0 1260 7847 1 61 0 1260 7847
0 2936 1806 1 177 0 2936 1806
0 3245 693 1 97 0 3245 693
0 2694 2679 1 44 0 2694 2679
0 2829 2191 1 105 0 2829 2191
0 3157 1010 1 105 0 3157 1010
0 1231 7952 1 118 0 1231 7952
0 1396 7356 1 77 0 1396 7356
0 3200 856 1 140 0 3200 856
0 3371 239 1 3 0 3371 239
0 3014 1525 1 131 0 3014 1525
0 2036 5050 1 104 0 2036 5050
0 2191 4491 1 112 0 2191 4491
0 1825 5810 1 38 0 1825 5810
0 2028 5079 1 110 0 2028 5079
0 2143 4664 1 151 0 2143 4664
-1
14 50
0 2436 1081 1 68 0 2436 1081
0 2628 389 1 122 0 2628 389
0 1915 2960 1 185 0 1915 2960
0 2083 2352 1 171 0 2083 2352
0 1431 4704 1 78 0 1431 4704
0 2340 1427 1 68 0 2340 1427
0 1226 5441 1 89 0 1226 5441
0 2221 1856 1 125 0 2221 1856
0 2144 2133 1 175 0 2144 2133
0 2561 631 1 49 0 2561 631
0 1141 5747 1 179 0 1141 5747
0 1937 2879 1 132 0 1937 2879
0 1097 5908 1 175 0 1097 5908
0 1883 3075 1 155 0 1883 3075
0 2732 14 1 18 0 2732 14
0 2545 689 1 133 0 2545 689
0 1158 5687 1 146 0 1158 5687
0 2133 2172 1 29 0 2133 2172
0 2024 2566 1 66 0 2024 2566
0 1741 3587 1 43 0 1741 3587
0 2042 2502 1 132 0 2042 2502
0 2519 783 1 113 0 2519 783
0 2702 122 1 177 0 2702 122
0 1293 5202 1 13 0 1293 5202
0 1490 4491 1 173 0 1490 4491
0 1363 4950 1 193 0 1363 4950
0 918 6552 1 122 0 918 6552
0 1034 6135 1 55 0 1034 6135
0 2416 1154 1 187 0 2416 1154
0 1506 4433 1 49 0 1506 4433
0 1685 3789 2 133 0 0 2 107 0 1685 3787
0 1675 3825 1 33 0 1675 3825
0 1238 5400 1 198 0 1238 5400
0 2465 977 1 177 0 2465 977
0 1859 3160 1 193 0 1859 3160
0 2024 2566 1 101 0 2024 2566
0 2710 93 1 184 0 2710 93
0 2542 700 1 33 0 2542 700
0 2230 1825 1 31 0 2230 1825
0 2672 231 1 173 0 2672 231
0 1124 5810 1 100 0 1124 5810
0 2604 477 1 67 0 2604 477
0 2498 858 1 48 0 2498 858
0 1633 3975 1 154 0 1633 3975
0 2374 1304 1 79 0 2374 1304
0 2579 566 1 173 0 2579 566
0 1579 4170 1 109 0 1579 4170
0 2151 2108 1 190 0 2151 2108
0 1566 4216 1 71 0 1566 4216
0 2132 2177 1 190 0 2132 2177
-1
13 46
0 869 3400 1 150 0 869 3400
0 1597 775 1 139 0 1597 775
0 1702 397 1 72 0 1702 397
0 624 4283 1 96 0 624 4283
0 1694 427 1 16 0 1694 427
0 1758 195 1 148 0 1758 195
0 1415 1433 1 89 0 1415 1433
0 1618 700 1 197 0 1618 700
0 1401 1483 1 74 0 1401 1483
0 974 3020 1 192 0 974 3020
0 1158 2358 1 33 0 1158 2358
0 1689 443 1 119 0 1689 443
0 1398 1493 1 120 0 1398 1493
0 969 3039 1 161 0 969 3039
0 1400 1487 2 39 0 1 0 189 0 1399 1487
0 1732 289 1 40 0 1732 289
0 1697 416 1 130 0 1697 416
0 1628 664 1 84 0 1628 664
0 1663 539 1 80 0 1663 539
0 1538 989 1 150 0 1538 989
0 781 3716 1 141 0 781 3716
0 1702 397 1 47 0 1702 397
0 1138 2431 1 36 0 1138 2431
0 1067 2687 1 150 0 1067 2687
0 1461 1266 1 152 0 1461 1266
0 610 4333 1 84 0 610 4333
0 1427 1389 1 120 0 1427 1389
0 911 3247 1 146 0 911 3247
0 1063 2702 1 64 0 1063 2702
0 811 3608 1 83 0 811 3608
0 1214 2156 1 192 0 1214 2156
0 741 3862 1 71 0 741 3862
0 1076 2654 1 137 0 1076 2654
0 1586 816 1 55 0 1586 816
0 1243 2052 1 186 0 1243 2052
0 1317 1785 1 150 0 1317 1785
0 1607 739 1 11 0 1607 739
0 1701 402 1 135 0 1701 402
0 1607 739 1 29 0 1607 739
0 1173 2304 1 132 0 1173 2304
0 1360 1631 1 159 0 1360 1631
0 722 3929 1 150 0 722 3929
0 1147 2397 1 79 0 1147 2397
0 1057 2722 1 114 0 1057 2722
0 1010 2891 1 129 0 1010 2891
0 1492 1154 1 55 0 1492 1154
-1
15 40
0 551 3510 1 104 0 551 3510
0 1452 264 1 9 0 1452 264
0 651 3150 1 152 0 651 3150
0 557 3489 1 155 0 557 3489
0 542 3543 1 79 0 542 3543
0 1045 1729 1 70 0 1045 1729
0 1183 1233 1 28 0 1183 1233
0 956 2052 1 59 0 956 2052
0 855 2414 1 52 0 855 2414
0 1062 1668 1 88 0 1062 1668
0 1212 1129 1 143 0 1212 1129
0 1318 745 1 136 0 1318 745
0 1470 197 1 73 0 1470 197
0 984 1950 1 183 0 984 1950
0 1409 418 1 25 0 1409 418
0 895 2270 1 183 0 895 2270
0 1071 1637 1 36 0 1071 1637
0 1162 1308 1 40 0 1162 1308
0 1450 270 1 197 0 1450 270
0 824 2527 1 153 0 824 2527
0 750 2793 1 185 0 750 2793
0 1100 1533 1 42 0 1100 1533
0 1408 422 1 115 0 1408 422
0 1467 210 1 52 0 1467 210
0 687 3020 1 142 0 687 3020
0 680 3045 1 137 0 680 3045
0 1212 1129 1 2 0 1212 1129
0 895 2270 1 2 0 895 2270
0 1517 29 1 125 0 1517 29
0 774 2706 1 183 0 774 2706
0 777 2695 1 56 0 777 2695
0 1469 202 1 153 0 1469 202
0 1510 54 1 96 0 1510 54
0 742 2822 1 163 0 742 2822
0 771 2718 1 167 0 771 2718
0 1110 1495 1 11 0 1110 1495
0 1326 718 1 11 0 1326 718
0 595 3352 1 13 0 595 3352
0 1213 1125 1 80 0 1213 1125
0 1028 1791 1 13 0 1028 1791
-1
12 46
0 1661 3285 1 147 0 1661 3285
0 925 5937 1 10 0 925 5937
0 2345 820 1 145 0 2345 820
0 1189 4987 1 153 0 1189 4987
0 1650 3325 1 55 0 1650 3325
0 1922 2343 1 111 0 1922 2343
0 1648 3331 1 150 0 1648 3331
0 2423 539 1 150 0 2423 539
0 1754 2950 1 131 0 1754 2950
0 1076 5393 1 59 0 1076 5393
0 2016 2006 1 196 0 2016 2006
0 1748 2972 2 142 0 1748 2970 124 0 0 2
0 2150 1522 1 71 0 2150 1522
0 2069 1814 1 77 0 2069 1814
0 2195 1360 1 43 0 2195 1360
0 929 5922 1 1 0 929 5922
0 2352 795 1 185 0 2352 795
0 1194 4968 1 178 0 1194 4968
0 1290 4622 1 35 0 1290 4622
0 1262 4722 1 9 0 1262 4722
0 1777 2866 1 81 0 1777 2866
0 2239 1202 1 94 0 2239 1202
0 2071 1808 1 62 0 2071 1808
0 2051 1879 1 1 0 2051 1879
0 1460 4010 1 39 0 1460 4010
0 1150 5127 1 10 0 1150 5127
0 1884 2481 1 20 0 1884 2481
0 2165 1468 1 191 0 2165 1468
0 2074 1795 1 116 0 2074 1795
0 947 5858 1 1 0 947 5858
0 1227 4850 1 153 0 1227 4850
0 2099 1706 1 166 0 2099 1706
0 2125 1612 1 73 0 2125 1612
0 1600 3506 1 197 0 1600 3506
0 1861 2564 1 38 0 1861 2564
0 2538 125 1 84 0 2538 125
0 1403 4214 1 153 0 1403 4214
0 2019 1995 1 46 0 2019 1995
0 2262 1118 1 154 0 2262 1118
0 1991 2095 1 180 0 1991 2095
0 953 5837 1 195 0 953 5837
0 1601 3502 1 184 0 1601 3502
0 1760 2929 1 194 0 1760 2929
0 2386 672 1 56 0 2386 672
0 2196 1356 1 186 0 2196 1356
0 895 6045 1 51 0 895 6045
-1
11 52
0 2021 997 1 156 0 2021 997
0 1195 3975 1 66 0 1195 3975
0 2004 1060 1 151 0 2004 1060
0 1707 2129 1 96 0 1707 2129
0 1018 4612 1 80 0 1018 4612
0 1723 2070 1 43 0 1723 2070
0 1021 4602 1 3 0 1021 4602
0 2281 60 1 14 0 2281 60
0 2052 887 1 198 0 2052 887
0 2071 818 1 169 0 2071 818
0 1767 1914 1 143 0 1767 1914
0 1702 2147 1 180 0 1702 2147
0 2101 710 1 47 0 2101 710
0 2247 183 1 17 0 2247 183
0 1398 3243 1 140 0 1398 3243
0 1367 3356 1 32 0 1367 3356
0 1828 1693 1 80 0 1828 1693
0 1761 1935 1 122 0 1761 1935
0 1931 1322 1 143 0 1931 1322
0 1963 1208 1 120 0 1963 1208
0 1856 1593 1 34 0 1856 1593
0 2001 1070 1 15 0 2001 1070
0 958 4829 1 35 0 958 4829
0 1895 1452 1 108 0 1895 1452
0 1592 2543 1 77 0 1592 2543
0 1154 4122 1 130 0 1154 4122
0 1682 2220 1 161 0 1682 2220
0 1867 1554 1 80 0 1867 1554
0 1230 3850 1 55 0 1230 3850
0 809 5366 1 33 0 809 5366
0 1730 2047 1 75 0 1730 2047
0 1457 3031 1 118 0 1457 3031
0 777 5481 1 128 0 777 5481
0 1119 4250 1 10 0 1119 4250
0 1421 3160 1 45 0 1421 3160
0 1724 2068 1 100 0 1724 2068
0 2102 706 1 196 0 2102 706
0 1162 4093 1 108 0 1162 4093
0 1395 3254 1 46 0 1395 3254
0 1084 4375 1 168 0 1084 4375
0 1142 4166 1 35 0 1142 4166
0 885 5091 1 148 0 885 5091
0 2296 6 1 186 0 2296 6
0 2009 1041 1 155 0 2009 1041
0 1283 3658 1 199 0 1283 3658
0 951 4854 1 62 0 951 4854
0 1408 3208 1 99 0 1408 3208
0 1343 3441 1 199 0 1343 3441
0 2103 702 1 7 0 2103 702
0 1593 2541 1 32 0 1593 2541
0 1554 2681 1 88 0 1554 2681
0 1726 2062 1 152 0 1726 2062
-1
5 48
0 1900 660 1 106 0 1900 660
0 1921 583 1 79 0 1921 583
0 0 0 0
0 731 4872 1 127 0 731 4872
0 1643 1585 1 135 0 1643 1585
0 1638 1604 1 14 0 1638 1604
0 2013 252 1 38 0 2013 252
0 1832 904 1 85 0 1832 904
0 1760 1164 1 115 0 1760 1164
0 1021 3827 1 6 0 1021 3827
0 1784 1077 1 57 0 1784 1077
0 1986 350 1 7 0 1986 350
0 1476 2187 1 42 0 1476 2187
0 1476 2187 1 59 0 1476 2187
0 831 4512 1 177 0 831 4512
0 2008 270 1 184 0 2008 270
0 1249 3006 1 192 0 1249 3006
0 1528 2000 1 192 0 1528 2000
0 1925 568 1 141 0 1925 568
0 1787 1066 1 30 0 1787 1066
0 1047 3733 1 77 0 1047 3733
0 941 4116 1 79 0 941 4116
0 1490 2137 1 96 0 1490 2137
0 1588 1783 1 46 0 1588 1783
0 729 4879 1 81 0 729 4879
0 1193 3208 1 39 0 1193 3208
0 789 4664 1 16 0 789 4664
0 1929 554 1 36 0 1929 554
0 1551 1916 1 154 0 1551 1916
0 1255 2983 1 100 0 1255 2983
0 1142 3391 1 110 0 1142 3391
0 0 0 0
0 1225 3091 1 100 0 1225 3091
0 1263 2956 1 16 0 1263 2956
0 1045 3741 1 9 0 1045 3741
0 1794 1041 1 161 0 1794 1041
0 1512 2058 1 45 0 1512 2058
0 867 4383 1 74 0 867 4383
0 1361 2602 1 113 0 1361 2602
0 1107 3516 1 22 0 1107 3516
0 1440 2316 1 159 0 1440 2316
0 1650 1560 1 122 0 1650 1560
0 1994 320 1 71 0 1994 320
0 1102 3535 1 158 0 1102 3535
0 1694 1402 1 188 0 1694 1402
0 1854 825 1 21 0 1854 825
0 2030 191 1 34 0 2030 191
0 1038 3766 1 158 0 1038 3766
-1
1 40
0 1036 3189 2 31 0 1035 3189 153 0 1 0
0 1264 2366 1 180 0 1264 2366
0 1691 827 1 44 0 1691 827
0 841 3891 1 154 0 841 3891
0 1127 2860 1 158 0 1127 2860
0 1472 1616 1 41 0 1472 1616
0 1020 3245 1 85 0 1020 3245
0 1551 1331 1 178 0 1551 1331
0 901 3675 1 178 0 901 3675
0 1560 1297 1 42 0 1560 1297
0 1537 1381 1 189 0 1537 1381
0 1856 233 1 191 0 1856 233
0 1767 554 1 148 0 1767 554
0 1729 689 1 118 0 1729 689
0 1287 2283 1 65 0 1287 2283
0 1643 1000 1 55 0 1643 1000
0 740 4254 1 116 0 740 4254
0 1687 841 1 12 0 1687 841
0 1919 6 1 5 0 1919 6
0 770 4145 1 111 0 770 4145
0 948 3504 1 110 0 948 3504
0 1119 2889 1 55 0 1119 2889
0 935 3552 1 128 0 935 3552
0 915 3625 1 148 0 915 3625
0 1318 2170 1 45 0 1318 2170
0 1253 2406 1 23 0 1253 2406
0 1617 1093 1 23 0 1617 1093
0 1876 160 1 45 0 1876 160
0 1262 2372 1 118 0 1262 2372
0 1183 2658 1 17 0 1183 2658
0 1782 500 1 13 0 1782 500
0 1458 1666 1 153 0 1458 1666
0 1675 885 1 102 0 1675 885
0 891 3710 1 24 0 891 3710
0 736 4268 1 97 0 736 4268
0 1854 239 1 138 0 1854 239
0 1105 2939 1 98 0 1105 2939
0 1591 1187 1 116 0 1591 1187
0 1453 1685 1 124 0 1453 1685
0 959 3464 1 111 0 959 3464
-1
8 45
0 1609 464 1 20 0 1609 464
0 1710 100 1 83 0 1710 100
0 990 2695 1 26 0 990 2695
0 837 3245 1 65 0 837 3245
0 897 3031 2 106 0 896 3031 169 0 1 0
0 613 4054 1 105 0 613 4054
0 1686 183 1 162 0 1686 183
0 1581 564 1 1 0 1581 564
0 807 3354 1 122 0 807 3354
0 1285 1631 1 51 0 1285 1631
0 972 2760 1 191 0 972 2760
0 1376 1304 1 21 0 1376 1304
0 1512 814 1 180 0 1512 814
0 1635 370 1 55 0 1635 370
0 1149 2122 1 194 0 1149 2122
0 888 3064 2 71 0 1 0 122 0 887 3064
0 1296 1591 1 13 0 1296 1591
0 654 3906 1 36 0 654 3906
0 1223 1856 1 1 0 1223 1856
0 964 2789 1 62 0 964 2789
0 1090 2335 1 94 0 1090 2335
0 1475 947 1 128 0 1475 947
0 1264 1708 1 120 0 1264 1708
0 1382 1283 1 199 0 1382 1283
0 1104 2285 1 138 0 1104 2285
0 1572 597 1 143 0 1572 597
0 618 4035 1 51 0 618 4035
0 698 3747 1 91 0 698 3747
0 1209 1906 1 62 0 1209 1906
0 1513 810 1 199 0 1513 810
0 1564 627 1 3 0 1564 627
0 1227 1841 1 51 0 1227 1841
0 1393 1243 1 176 0 1393 1243
0 1253 1747 1 13 0 1253 1747
0 932 2904 1 198 0 932 2904
0 1652 310 1 193 0 1652 310
0 600 4102 1 4 0 600 4102
0 1343 1422 1 82 0 1343 1422
0 1030 2552 1 160 0 1030 2552
0 1469 968 1 104 0 1469 968
0 713 3693 1 27 0 713 3693
0 0 0 0
0 1033 2539 1 88 0 1033 2539
0 690 3777 1 151 0 690 3777
0 1217 1877 1 20 0 1217 1877
-1
7 40
0 1996 5266 2 2 0 1995 5266 52 0 1 0
0 2854 2172 1 98 0 2854 2172
0 2741 2579 1 61 0 2741 2579
0 2255 4331 1 45 0 2255 4331
0 3107 1260 1 106 0 3107 1260
0 1982 5316 1 52 0 1982 5316
0 1843 5816 1 92 0 1843 5816
0 2935 1881 1 88 0 2935 1881
0 2846 2202 1 170 0 2846 2202
0 2628 2987 1 175 0 2628 2987
0 2975 1737 1 77 0 2975 1737
0 3066 1408 1 143 0 3066 1408
0 2345 4008 2 34 0 1 0 119 0 2344 4008
0 1901 5608 1 32 0 1901 5608
0 2159 4677 1 145 0 2159 4677
0 2000 5252 1 161 0 2000 5252
0 2775 2458 1 73 0 2775 2458
0 2042 5100 1 55 0 2042 5100
0 1714 6281 1 25 0 1714 6281
0 3205 908 1 199 0 3205 908
0 2896 2020 1 32 0 2896 2020
0 1839 5831 1 196 0 1839 5831
0 3050 1466 1 70 0 3050 1466
0 2389 3850 1 84 0 2389 3850
0 2200 4531 1 40 0 2200 4531
0 1456 7212 1 59 0 1456 7212
0 2163 4664 1 136 0 2163 4664
0 3430 97 1 59 0 3430 97
0 2399 3812 1 131 0 2399 3812
0 2836 2237 1 169 0 2836 2237
0 1800 5972 1 2 0 1800 5972
0 2325 4079 1 178 0 2325 4079
0 2872 2108 1 111 0 2872 2108
0 2995 1664 1 98 0 2995 1664
0 1240 7989 1 138 0 1240 7989
0 1203 8122 1 66 0 1203 8122
0 3008 1618 1 126 0 3008 1618
0 1785 6025 1 96 0 1785 6025
0 3211 885 1 94 0 3211 885
0 2654 2893 1 192 0 2654 2893
-1
3 46
0 1730 6229 1 73 0 1730 6229
0 3364 339 1 57 0 3364 339
0 3038 1514 1 91 0 3038 1514
0 2063 5029 1 4 0 2063 5029
0 1864 5745 1 89 0 1864 5745
0 3045 1489 1 174 0 3045 1489
0 2321 4097 1 124 0 2321 4097
0 2504 3439 1 21 0 2504 3439
0 1618 6631 1 62 0 1618 6631
0 3184 987 1 139 0 3184 987
0 1872 5716 1 62 0 1872 5716
0 3040 1506 1 90 0 3040 1506
0 3113 1243 1 162 0 3113 1243
0 1848 5802 1 67 0 1848 5802
0 3310 533 1 45 0 3310 533
0 3050 1470 1 111 0 3050 1470
0 1773 6072 1 63 0 1773 6072
0 2454 3618 1 166 0 2454 3618
0 2062 5031 1 24 0 2062 5031
0 2306 4152 1 91 0 2306 4152
0 3068 1406 1 20 0 3068 1406
0 1474 7150 1 86 0 1474 7150
0 1265 7904 1 136 0 1265 7904
0 2667 2852 1 153 0 2667 2852
0 1194 8160 1 138 0 1194 8160
0 3428 108 1 85 0 3428 108
0 2283 4235 1 2 0 2283 4235
0 2249 4358 1 7 0 2249 4358
0 1991 5287 1 197 0 1991 5287
0 2175 4625 1 68 0 2175 4625
0 2025 5164 1 90 0 2025 5164
0 2342 4022 1 182 0 2342 4022
0 2326 4081 1 178 0 2326 4081
0 1338 7641 1 111 0 1338 7641
0 3057 1445 1 63 0 3057 1445
0 2528 3352 1 13 0 2528 3352
0 3202 922 1 127 0 3202 922
0 3263 704 1 71 0 3263 704
0 2585 3145 1 199 0 2585 3145
0 1739 6195 1 16 0 1739 6195
0 2557 3247 1 191 0 2557 3247
0 2921 1935 1 173 0 2921 1935
0 2510 3416 1 176 0 2510 3416
0 1478 7137 1 124 0 1478 7137
0 1601 6693 1 143 0 1601 6693
0 3033 1531 1 20 0 3033 1531
-1
6 42
0 3380 145 1 140 0 3380 145
0 2118 4693 1 16 0 2118 4693
0 2497 3329 1 128 0 2497 3329
0 2834 2114 1 97 0 2834 2114
0 1175 8091 1 185 0 1175 8091
0 1912 5437 1 112 0 1912 5437
0 2258 4189 1 62 0 2258 4189
0 2441 3531 1 191 0 2441 3531
0 3214 743 1 69 0 3214 743
0 1757 5995 1 16 0 1757 5995
0 3029 1410 1 185 0 3029 1410
0 2690 2633 1 18 0 2690 2633
0 1811 5800 1 59 0 1811 5800
0 2887 1922 1 136 0 2887 1922
0 2131 4647 1 83 0 2131 4647
0 2778 2316 1 52 0 2778 2316
0 2808 2208 1 166 0 2808 2208
0 1609 6529 1 14 0 1609 6529
0 2490 3354 1 103 0 2490 3354
0 1411 7241 1 176 0 1411 7241
0 2954 1681 1 23 0 2954 1681
0 3032 1400 1 136 0 3032 1400
0 2131 4647 1 141 0 2131 4647
0 2206 4377 1 17 0 2206 4377
0 1228 7902 1 52 0 1228 7902
0 2379 3754 1 14 0 2379 3754
0 2338 3902 1 141 0 2338 3902
0 2528 3216 1 23 0 2528 3216
0 1872 5581 1 38 0 1872 5581
0 3418 8 1 115 0 3418 8
0 1470 7029 1 42 0 1470 7029
0 2923 1793 1 34 0 2923 1793
0 2878 1956 1 137 0 2878 1956
0 2474 3410 1 93 0 2474 3410
0 2523 3235 1 56 0 2523 3235
0 2102 4752 1 128 0 2102 4752
0 1170 8110 1 171 0 1170 8110
0 2416 3620 1 57 0 2416 3620
0 3257 589 1 159 0 3257 589
0 2436 3547 1 35 0 2436 3547
0 3087 1202 1 32 0 3087 1202
0 2783 2297 1 15 0 2783 2297
-1
10 49
0 1562 5862 1 47 0 1562 5862
0 3067 437 1 185 0 3067 437
0 2641 1975 1 176 0 2641 1975
0 2152 3737 2 126 0 2151 3737 20 0 1 0
0 2393 2868 1 105 0 2393 2868
0 2923 958 1 170 0 2923 958
0 2909 1008 1 49 0 2909 1008
0 2561 2262 1 90 0 2561 2262
0 2494 2504 1 85 0 2494 2504
0 2490 2518 1 37 0 2490 2518
0 2418 2777 1 102 0 2418 2777
0 1640 5581 1 3 0 1640 5581
0 2870 1147 1 70 0 2870 1147
0 1990 4320 1 108 0 1990 4320
0 1803 4993 1 86 0 1803 4993
0 1437 6312 1 88 0 1437 6312
0 3064 450 1 99 0 3064 450
0 2658 1912 1 95 0 2658 1912
0 1147 7358 1 115 0 1147 7358
0 2812 1358 1 108 0 2812 1358
0 2442 2691 1 37 0 2442 2691
0 2755 1562 1 128 0 2755 1562
0 1792 5033 1 70 0 1792 5033
0 1162 7304 1 130 0 1162 7304
0 2960 825 1 103 0 2960 825
0 2301 3200 1 108 0 2301 3200
0 3110 283 1 75 0 3110 283
0 1636 5595 1 141 0 1636 5595
0 3175 50 1 30 0 3175 50
0 3019 612 1 174 0 3019 612
0 2234 3441 1 30 0 2234 3441
0 1579 5802 1 195 0 1579 5802
0 2614 2070 1 141 0 2614 2070
0 2680 1833 1 10 0 2680 1833
0 1156 7327 1 184 0 1156 7327
0 3183 20 1 137 0 3183 20
0 1349 6631 1 41 0 1349 6631
0 2343 3047 1 92 0 2343 3047
0 3031 568 1 190 0 3031 568
0 1455 6247 1 72 0 1455 6247
0 2565 2247 1 183 0 2565 2247
0 1428 6345 1 118 0 1428 6345
0 1914 4593 1 188 0 1914 4593
0 2619 2054 1 35 0 2619 2054
0 1872 4745 1 147 0 1872 4745
0 2731 1650 1 139 0 2731 1650
0 2028 4183 1 76 0 2028 4183
0 1135 7402 1 101 0 1135 7402
0 1106 7506 1 34 0 1106 7506
-1
