5 39
0 0 0 0
0 377 135 1 3 0 377 135
0 0 0 0
0 236 1364 1 3 0 236 1364
0 0 0 0
0 334 507 1 10 0 334 507
0 234 1378 1 10 0 234 1378
0 262 1135 1 3 0 262 1135
0 0 0 0
0 380 107 1 3 0 380 107
0 0 0 0
0 0 0 0
0 0 0 0
0 180 1849 1 3 0 180 1849
0 0 0 0
0 0 0 0
0 327 571 1 3 0 327 571
0 0 0 0
0 347 392 1 3 0 347 392
0 0 0 0
0 311 707 1 3 0 311 707
0 0 0 0
0 0 0 0
0 0 0 0
0 0 0 0
0 0 0 0
0 0 0 0
0 373 164 1 7 0 373 164
0 0 0 0
0 365 235 1 10 0 365 235
0 345 414 1 3 0 345 414
0 0 0 0
0 298 821 1 3 0 298 821
0 0 0 0
0 0 0 0
0 231 1407 1 10 0 231 1407
0 247 1264 1 3 0 247 1264
0 0 0 0
0 0 0 0
-1
3 28
0 0 0 0
0 0 0 0
0 0 0 0
0 0 0 0
0 0 0 0
0 391 149 1 3 0 391 149
0 0 0 0
0 0 0 0
0 294 999 1 3 0 294 999
0 0 0 0
0 391 149 1 10 0 391 149
0 0 0 0
0 407 14 1 3 0 407 14
0 358 442 1 7 0 358 442
0 0 0 0
0 0 0 0
0 352 492 1 3 0 352 492
0 0 0 0
0 405 28 1 10 0 405 28
0 368 357 1 3 0 368 357
0 396 107 1 7 0 396 107
0 282 1100 1 3 0 282 1100
0 0 0 0
0 246 1414 1 3 0 246 1414
0 340 599 1 3 0 340 599
0 0 0 0
0 229 1564 1 3 0 229 1564
0 370 335 1 3 0 370 335
-1
4 45
0 77 271 1 3 0 77 271
0 0 0 0
0 78 257 1 3 0 78 257
0 0 0 0
0 99 78 1 3 0 99 78
0 0 0 0
0 86 192 1 3 0 86 192
0 0 0 0
0 0 0 0
0 0 0 0
0 85 199 1 3 0 85 199
0 0 0 0
0 0 0 0
0 99 78 1 3 0 99 78
0 0 0 0
0 0 0 0
0 92 135 1 3 0 92 135
0 0 0 0
0 0 0 0
0 0 0 0
0 0 0 0
0 0 0 0
0 0 0 0
0 97 92 1 3 0 97 92
0 83 214 1 3 0 83 214
0 0 0 0
0 0 0 0
0 107 7 1 3 0 107 7
0 86 192 1 3 0 86 192
0 0 0 0
0 0 0 0
0 0 0 0
0 63 392 1 3 0 63 392
0 0 0 0
0 0 0 0
0 69 335 1 3 0 69 335
0 67 357 1 3 0 67 357
0 86 192 1 3 0 86 192
0 71 321 1 3 0 71 321
0 76 278 1 3 0 76 278
0 92 135 1 3 0 92 135
0 102 49 1 3 0 102 49
0 0 0 0
0 106 14 1 3 0 106 14
0 104 35 1 3 0 104 35
-1
2 35
0 0 0 0
0 0 0 0
0 0 0 0
0 0 0 0
0 0 0 0
0 289 271 1 3 0 289 271
0 0 0 0
0 0 0 0
0 185 1178 1 3 0 185 1178
0 244 664 1 3 0 244 664
0 0 0 0
0 299 185 1 3 0 299 185
0 0 0 0
0 229 792 1 10 0 229 792
0 0 0 0
0 254 578 1 3 0 254 578
0 0 0 0
0 0 0 0
0 0 0 0
0 0 0 0
0 0 0 0
0 0 0 0
0 0 0 0
0 178 1235 1 3 0 178 1235
0 305 128 1 3 0 305 128
0 0 0 0
0 305 128 2 3 0 0 0 1 0 305 128
0 0 0 0
0 0 0 0
0 307 114 1 3 0 307 114
0 309 99 1 3 0 309 99
0 141 1557 1 3 0 141 1557
0 302 157 1 3 0 302 157
0 141 1557 1 3 0 141 1557
0 0 0 0
-1
1 37
0 0 0 0
0 300 714 1 3 0 300 714
0 0 0 0
0 290 799 1 7 0 290 799
0 0 0 0
0 0 0 0
0 306 657 1 3 0 306 657
0 0 0 0
0 0 0 0
0 0 0 0
0 269 978 1 3 0 269 978
0 0 0 0
0 0 0 0
0 353 249 1 3 0 353 249
0 361 178 1 3 0 361 178
0 0 0 0
0 0 0 0
0 0 0 0
0 274 935 1 3 0 274 935
0 0 0 0
0 0 0 0
0 0 0 0
0 0 0 0
0 0 0 0
0 0 0 0
0 285 842 1 3 0 285 842
0 0 0 0
0 349 285 1 3 0 349 285
0 350 278 1 3 0 350 278
0 0 0 0
0 0 0 0
0 206 1528 1 3 0 206 1528
0 0 0 0
0 373 71 1 3 0 373 71
0 0 0 0
0 346 307 1 3 0 346 307
0 272 957 1 3 0 272 957
-1
