4 32
0 124 30 1 2 0 124 30
0 108 67 1 83 0 108 67
0 99 87 1 50 0 99 87
0 114 53 1 164 0 114 53
0 113 55 1 167 0 113 55
0 81 128 1 123 0 81 128
0 90 108 1 112 0 90 108
0 132 12 1 78 0 132 12
0 107 69 1 112 0 107 69
0 116 48 1 190 0 116 48
0 82 126 1 123 0 82 126
0 73 146 1 85 0 73 146
0 133 10 1 2 0 133 10
0 79 132 1 123 0 79 132
0 137 0 1 123 0 137 0
0 77 136 1 38 0 77 136
0 129 18 1 2 0 129 18
0 115 51 1 50 0 115 51
0 0 0 0
0 78 134 1 83 0 78 134
0 90 108 1 48 0 90 108
0 0 0 0
0 55 187 1 112 0 55 187
0 70 153 1 112 0 70 153
0 104 75 1 2 0 104 75
0 122 34 1 102 0 122 34
0 70 153 1 85 0 70 153
0 0 0 0
0 133 10 1 167 0 133 10
0 117 44 1 2 0 117 44
0 0 0 0
0 0 0 0
-1
8 27
0 248 222 1 85 0 248 222
0 0 0 0
0 0 0 0
0 0 0 0
0 342 6 1 87 0 342 6
0 0 0 0
0 219 289 2 62 0 0 2 35 0 219 287
0 0 0 0
0 281 146 1 146 0 281 146
0 0 0 0
0 0 0 0
0 317 63 1 62 0 317 63
0 0 0 0
0 0 0 0
0 0 0 0
0 0 0 0
0 0 0 0
0 116 524 1 65 0 116 524
0 0 0 0
0 152 442 2 146 0 1 0 3 0 151 442
0 247 224 1 169 0 247 224
0 0 0 0
0 216 295 1 190 0 216 295
0 277 155 1 59 0 277 155
0 0 0 0
0 316 67 1 169 0 316 67
0 0 0 0
-1
11 53
0 379 100 1 65 0 379 100
0 381 95 2 54 0 0 0 112 0 381 95
0 386 83 1 102 0 386 83
0 250 395 1 102 0 250 395
0 344 179 1 102 0 344 179
0 181 553 1 50 0 181 553
0 229 442 1 54 0 229 442
0 165 589 1 54 0 165 589
0 423 0 1 59 0 423 0
0 383 91 1 2 0 383 91
0 380 97 1 164 0 380 97
0 291 302 1 2 0 291 302
0 408 34 1 78 0 408 34
0 354 157 1 137 0 354 157
0 423 0 1 35 0 423 0
0 410 30 2 54 0 1 0 137 0 409 30
0 357 151 1 21 0 357 151
0 167 583 1 54 0 167 583
0 291 302 1 54 0 291 302
0 302 277 2 190 0 0 2 112 0 302 275
0 192 526 1 54 0 192 526
0 168 583 2 35 0 167 583 54 0 1 0
0 399 55 1 78 0 399 55
0 275 336 1 54 0 275 336
0 387 81 1 54 0 387 81
0 359 144 1 54 0 359 144
0 225 451 1 54 0 225 451
0 153 616 1 54 0 153 616
0 164 591 1 54 0 164 591
0 295 291 1 54 0 295 291
0 0 0 0
0 294 293 1 54 0 294 293
0 281 324 1 54 0 281 324
0 213 479 1 54 0 213 479
0 387 81 1 54 0 387 81
0 299 283 1 54 0 299 283
0 147 630 1 54 0 147 630
0 364 134 1 54 0 364 134
0 284 316 1 54 0 284 316
0 413 22 1 54 0 413 22
0 240 418 1 54 0 240 418
0 269 351 1 54 0 269 351
0 413 22 1 54 0 413 22
0 408 34 1 54 0 408 34
0 170 577 1 54 0 170 577
0 273 342 1 54 0 273 342
0 180 555 1 54 0 180 555
0 355 155 1 54 0 355 155
0 422 2 1 54 0 422 2
0 270 348 1 54 0 270 348
0 352 161 1 54 0 352 161
0 204 500 1 54 0 204 500
0 165 589 1 54 0 165 589
-1
13 30
0 131 202 1 2 0 131 202
0 142 175 1 54 0 142 175
0 114 240 1 167 0 114 240
0 131 202 1 102 0 131 202
0 169 114 1 112 0 169 114
0 168 116 1 123 0 168 116
0 0 0 0
0 160 134 1 2 0 160 134
0 0 0 0
0 171 110 1 123 0 171 110
0 192 63 2 21 0 192 61 102 0 0 2
0 195 55 1 38 0 195 55
0 136 189 1 167 0 136 189
0 186 75 1 78 0 186 75
0 0 0 0
0 97 279 1 2 0 97 279
0 151 155 1 54 0 151 155
0 176 97 1 164 0 176 97
0 173 106 1 2 0 173 106
0 213 14 1 167 0 213 14
0 163 128 1 102 0 163 128
0 191 65 1 167 0 191 65
0 136 189 1 164 0 136 189
0 184 79 1 167 0 184 79
0 124 218 1 102 0 124 218
0 150 157 1 48 0 150 157
0 219 0 1 167 0 219 0
0 219 0 1 95 0 219 0
0 213 14 1 190 0 213 14
0 190 67 1 137 0 190 67
-1
6 34
0 127 85 2 164 0 1 0 54 0 126 85
0 83 185 1 48 0 83 185
0 106 132 1 2 0 106 132
0 127 83 1 164 0 127 83
0 0 0 0
0 0 0 0
0 0 0 0
0 0 0 0
0 74 206 1 112 0 74 206
0 153 24 1 38 0 153 24
0 0 0 0
0 158 14 1 123 0 158 14
0 0 0 0
0 153 24 1 112 0 153 24
0 57 244 1 85 0 57 244
0 159 10 1 102 0 159 10
0 0 0 0
0 120 100 1 38 0 120 100
0 0 0 0
0 107 130 1 85 0 107 130
0 141 53 1 54 0 141 53
0 89 171 1 112 0 89 171
0 57 244 1 112 0 57 244
0 57 244 1 167 0 57 244
0 0 0 0
0 118 104 1 164 0 118 104
0 135 65 1 164 0 135 65
0 147 38 1 137 0 147 38
0 0 0 0
0 121 97 1 167 0 121 97
0 125 89 1 38 0 125 89
0 151 28 1 164 0 151 28
0 132 73 1 50 0 132 73
0 159 10 1 167 0 159 10
-1
12 53
0 97 71 1 95 0 97 71
0 124 10 1 169 0 124 10
0 119 20 1 167 0 119 20
0 110 42 2 164 0 109 42 54 0 1 0
0 79 112 1 137 0 79 112
0 107 48 1 50 0 107 48
0 114 32 1 123 0 114 32
0 120 18 1 35 0 120 18
0 52 175 2 2 0 1 0 123 0 51 175
0 98 69 1 35 0 98 69
0 94 77 1 102 0 94 77
0 54 169 1 54 0 54 169
0 99 67 1 169 0 99 67
0 82 106 1 54 0 82 106
0 113 34 1 137 0 113 34
0 127 2 1 50 0 127 2
0 94 77 1 54 0 94 77
0 121 16 1 137 0 121 16
0 119 20 1 54 0 119 20
0 128 0 1 137 0 128 0
0 118 22 1 54 0 118 22
0 72 128 1 54 0 72 128
0 101 61 1 137 0 101 61
0 53 171 1 54 0 53 171
0 111 38 1 137 0 111 38
0 121 16 1 54 0 121 16
0 128 0 1 102 0 128 0
0 94 77 1 137 0 94 77
0 89 89 1 54 0 89 89
0 71 130 1 62 0 71 130
0 101 61 1 2 0 101 61
0 124 10 1 102 0 124 10
0 102 59 1 35 0 102 59
0 117 24 1 54 0 117 24
0 126 4 1 137 0 126 4
0 44 191 1 54 0 44 191
0 48 183 1 54 0 48 183
0 124 10 1 54 0 124 10
0 68 136 1 54 0 68 136
0 126 4 1 54 0 126 4
0 45 189 1 54 0 45 189
0 100 63 1 54 0 100 63
0 75 120 1 54 0 75 120
0 79 112 1 54 0 79 112
0 79 112 1 54 0 79 112
0 66 142 1 54 0 66 142
0 53 171 1 54 0 53 171
0 123 12 1 54 0 123 12
0 85 97 1 54 0 85 97
0 0 0 0
0 109 42 1 54 0 109 42
0 116 28 1 54 0 116 28
0 45 189 1 54 0 45 189
-1
14 24
0 0 0 0
0 0 0 0
0 130 410 1 176 0 130 410
0 301 20 2 21 0 0 2 72 0 301 18
0 0 0 0
0 110 455 1 87 0 110 455
0 199 253 1 62 0 199 253
0 0 0 0
0 246 144 1 50 0 246 144
0 282 63 1 35 0 282 63
0 278 71 1 137 0 278 71
0 0 0 0
0 204 240 1 62 0 204 240
0 0 0 0
0 155 353 1 95 0 155 353
0 0 0 0
0 261 110 1 95 0 261 110
0 135 397 1 78 0 135 397
0 232 177 1 78 0 232 177
0 306 8 1 62 0 306 8
0 0 0 0
0 0 0 0
0 168 322 1 95 0 168 322
0 298 26 1 120 0 298 26
-1
1 56
0 192 263 1 164 0 192 263
0 308 0 1 78 0 308 0
0 280 63 1 78 0 280 63
0 132 402 1 54 0 132 402
0 229 179 1 128 0 229 179
0 123 422 1 54 0 123 422
0 250 132 1 54 0 250 132
0 259 110 1 21 0 259 110
0 269 89 2 54 0 1 0 137 0 268 89
0 295 28 1 54 0 295 28
0 293 34 2 164 0 292 34 54 0 1 0
0 287 48 2 83 0 287 46 123 0 0 2
0 206 232 1 62 0 206 232
0 288 44 1 85 0 288 44
0 269 87 1 137 0 269 87
0 273 79 1 72 0 273 79
0 255 120 1 102 0 255 120
0 110 451 1 54 0 110 451
0 232 173 1 123 0 232 173
0 215 212 1 137 0 215 212
0 299 20 1 62 0 299 20
0 119 430 1 54 0 119 430
0 211 220 1 54 0 211 220
0 237 161 1 164 0 237 161
0 304 8 1 50 0 304 8
0 136 391 1 54 0 136 391
0 143 377 2 54 0 1 0 137 0 142 377
0 206 232 1 54 0 206 232
0 270 85 1 54 0 270 85
0 256 118 1 54 0 256 118
0 109 453 1 54 0 109 453
0 165 326 1 54 0 165 326
0 301 14 1 54 0 301 14
0 182 287 1 54 0 182 287
0 285 51 1 54 0 285 51
0 285 51 1 54 0 285 51
0 269 87 1 54 0 269 87
0 266 95 1 54 0 266 95
0 164 328 1 54 0 164 328
0 103 467 1 54 0 103 467
0 225 187 1 54 0 225 187
0 215 212 1 54 0 215 212
0 287 46 1 54 0 287 46
0 197 253 1 54 0 197 253
0 219 202 1 54 0 219 202
0 110 451 1 54 0 110 451
0 116 438 1 54 0 116 438
0 129 408 1 54 0 129 408
0 184 281 1 54 0 184 281
0 114 442 1 54 0 114 442
0 188 273 1 54 0 188 273
0 189 271 1 54 0 189 271
0 187 275 1 54 0 187 275
0 246 140 1 54 0 246 140
0 144 373 1 54 0 144 373
0 251 128 1 54 0 251 128
-1
10 27
0 128 528 1 2 0 128 528
0 130 524 1 164 0 130 524
0 274 195 1 2 0 274 195
0 348 26 1 48 0 348 26
0 346 30 1 78 0 346 30
0 295 146 1 167 0 295 146
0 184 400 1 78 0 184 400
0 0 0 0
0 157 463 1 78 0 157 463
0 182 406 1 50 0 182 406
0 155 467 1 35 0 155 467
0 321 87 1 35 0 321 87
0 211 338 1 54 0 211 338
0 253 244 2 167 0 1 0 2 0 252 244
0 357 6 1 137 0 357 6
0 355 10 1 35 0 355 10
0 343 36 1 35 0 343 36
0 297 142 1 21 0 297 142
0 187 393 1 128 0 187 393
0 0 0 0
0 229 297 1 35 0 229 297
0 224 310 1 78 0 224 310
0 286 167 1 35 0 286 167
0 358 4 1 35 0 358 4
0 159 457 1 164 0 159 457
0 281 179 1 78 0 281 179
0 218 322 1 35 0 218 322
-1
15 32
0 0 0 0
0 0 0 0
0 132 24 1 72 0 132 24
0 0 0 0
0 115 61 1 62 0 115 61
0 82 138 1 21 0 82 138
0 67 173 2 72 0 67 171 21 0 0 2
0 0 0 0
0 75 153 1 65 0 75 153
0 0 0 0
0 94 110 1 65 0 94 110
0 47 218 1 65 0 47 218
0 0 0 0
0 0 0 0
0 0 0 0
0 129 30 1 102 0 129 30
0 128 32 1 72 0 128 32
0 0 0 0
0 104 87 1 102 0 104 87
0 131 26 1 21 0 131 26
0 0 0 0
0 122 46 1 65 0 122 46
0 124 42 1 102 0 124 42
0 106 83 1 72 0 106 83
0 0 0 0
0 100 97 2 102 0 0 2 50 0 100 95
0 66 175 1 65 0 66 175
0 136 14 1 62 0 136 14
0 97 104 1 21 0 97 104
0 135 16 1 123 0 135 16
0 133 22 1 21 0 133 22
0 129 30 1 62 0 129 30
-1
3 26
0 226 144 1 81 0 226 144
0 167 279 1 152 0 167 279
0 0 0 0
0 0 0 0
0 265 57 1 137 0 265 57
0 0 0 0
0 241 112 1 2 0 241 112
0 0 0 0
0 269 46 1 21 0 269 46
0 0 0 0
0 0 0 0
0 0 0 0
0 0 0 0
0 0 0 0
0 217 165 1 103 0 217 165
0 206 191 1 87 0 206 191
0 250 91 1 72 0 250 91
0 218 163 1 65 0 218 163
0 232 132 1 176 0 232 132
0 109 414 2 72 0 109 412 21 0 0 2
0 0 0 0
0 219 161 1 136 0 219 161
0 0 0 0
0 172 269 1 72 0 172 269
0 250 91 1 102 0 250 91
0 0 0 0
-1
7 53
0 128 261 1 54 0 128 261
0 141 232 1 78 0 141 232
0 125 269 1 164 0 125 269
0 86 357 1 54 0 86 357
0 192 114 1 62 0 192 114
0 111 300 1 54 0 111 300
0 186 128 1 62 0 186 128
0 219 53 1 54 0 219 53
0 194 110 1 2 0 194 110
0 208 79 1 54 0 208 79
0 169 167 1 21 0 169 167
0 107 310 1 169 0 107 310
0 119 281 1 54 0 119 281
0 151 208 1 21 0 151 208
0 84 361 1 85 0 84 361
0 114 293 1 54 0 114 293
0 158 193 1 50 0 158 193
0 217 57 1 62 0 217 57
0 189 122 1 38 0 189 122
0 124 271 1 190 0 124 271
0 141 232 1 164 0 141 232
0 219 53 1 54 0 219 53
0 208 79 1 54 0 208 79
0 200 95 1 54 0 200 95
0 196 106 1 169 0 196 106
0 152 206 1 54 0 152 206
0 164 179 1 164 0 164 179
0 149 214 1 54 0 149 214
0 141 232 1 54 0 141 232
0 190 120 1 54 0 190 120
0 96 334 1 54 0 96 334
0 99 328 1 54 0 99 328
0 227 34 1 54 0 227 34
0 200 95 1 54 0 200 95
0 87 355 1 54 0 87 355
0 103 318 1 54 0 103 318
0 175 153 1 54 0 175 153
0 234 18 1 54 0 234 18
0 111 300 1 54 0 111 300
0 225 38 1 54 0 225 38
0 189 122 1 54 0 189 122
0 85 359 1 54 0 85 359
0 140 234 1 54 0 140 234
0 190 120 1 54 0 190 120
0 194 110 1 54 0 194 110
0 241 4 1 54 0 241 4
0 91 346 1 54 0 91 346
0 139 236 1 54 0 139 236
0 201 93 1 54 0 201 93
0 154 202 1 54 0 154 202
0 165 177 1 54 0 165 177
0 120 279 1 54 0 120 279
0 240 6 1 54 0 240 6
-1
5 22
0 293 85 2 21 0 1 0 53 0 292 85
0 180 342 1 61 0 180 342
0 0 0 0
0 171 363 1 83 0 171 363
0 199 300 1 78 0 199 300
0 213 267 1 95 0 213 267
0 0 0 0
0 165 377 1 169 0 165 377
0 319 24 1 54 0 319 24
0 0 0 0
0 298 73 1 95 0 298 73
0 292 85 1 95 0 292 85
0 0 0 0
0 0 0 0
0 0 0 0
0 312 40 1 95 0 312 40
0 312 40 1 38 0 312 40
0 123 473 1 102 0 123 473
0 271 134 1 95 0 271 134
0 0 0 0
0 0 0 0
0 0 0 0
-1
2 34
0 218 8 1 102 0 218 8
0 85 312 1 164 0 85 312
0 155 153 1 50 0 155 153
0 0 0 0
0 218 8 1 62 0 218 8
0 0 0 0
0 215 16 1 78 0 215 16
0 0 0 0
0 222 0 1 35 0 222 0
0 0 0 0
0 174 110 1 35 0 174 110
0 0 0 0
0 0 0 0
0 0 0 0
0 168 122 1 2 0 168 122
0 120 232 1 2 0 120 232
0 154 155 1 78 0 154 155
0 186 81 1 167 0 186 81
0 0 0 0
0 146 173 1 2 0 146 173
0 204 40 1 50 0 204 40
0 188 77 1 2 0 188 77
0 127 216 1 123 0 127 216
0 191 71 1 128 0 191 71
0 184 85 1 2 0 184 85
0 197 57 1 164 0 197 57
0 127 216 1 167 0 127 216
0 125 222 1 2 0 125 222
0 205 38 1 123 0 205 38
0 170 118 1 137 0 170 118
0 126 218 1 102 0 126 218
0 109 257 1 48 0 109 257
0 95 289 1 164 0 95 289
0 169 120 1 59 0 169 120
-1
9 29
0 185 289 1 78 0 185 289
0 184 291 1 21 0 184 291
0 281 71 1 95 0 281 71
0 203 248 1 102 0 203 248
0 0 0 0
0 271 93 1 72 0 271 93
0 170 324 1 95 0 170 324
0 149 373 1 95 0 149 373
0 302 22 1 54 0 302 22
0 282 69 1 95 0 282 69
0 166 334 1 95 0 166 334
0 191 277 1 54 0 191 277
0 298 32 1 95 0 298 32
0 0 0 0
0 250 142 1 62 0 250 142
0 165 336 1 164 0 165 336
0 0 0 0
0 0 0 0
0 302 22 1 137 0 302 22
0 304 18 1 95 0 304 18
0 172 320 1 95 0 172 320
0 260 118 1 176 0 260 118
0 0 0 0
0 0 0 0
0 150 369 1 35 0 150 369
0 253 134 1 54 0 253 134
0 0 0 0
0 238 169 1 78 0 238 169
0 201 253 1 62 0 201 253
-1
