5 20
0 646 58 2 895 0 645 58 181 0 1 0
0 358 457 2 599 0 358 455 424 0 0 2
0 538 208 2 364 0 1 0 358 0 537 208
0 347 473 2 181 0 1 0 364 0 346 473
0 290 552 2 181 0 1 0 424 0 289 552
0 553 188 2 181 0 1 0 364 0 552 188
0 677 16 2 923 0 677 14 349 0 0 2
0 345 476 2 29 0 343 476 1046 0 2 0
0 459 317 1 364 0 459 317
0 259 594 2 364 0 258 594 181 0 1 0
0 353 464 2 306 0 352 464 364 0 1 0
0 559 179 1 833 0 559 179
0 546 197 2 895 0 545 197 181 0 1 0
0 364 449 2 181 0 1 0 895 0 363 449
0 672 23 1 364 0 672 23
0 468 305 1 364 0 468 305
0 383 420 1 364 0 383 420
0 619 97 1 364 0 619 97
0 616 99 1 364 0 616 99
0 623 91 2 364 0 622 91 181 0 1 0
-1
7 21
0 175 52 2 497 0 174 52 741 0 1 0
0 106 147 2 426 0 105 147 741 0 1 0
0 151 85 3 426 0 1 0 741 0 149 85 530 0 1 0
0 125 120 1 741 0 125 120
0 175 52 2 530 0 1 0 225 0 174 52
0 100 155 1 424 0 100 155
0 166 64 3 426 0 1 0 419 0 164 64 530 0 1 0
0 112 138 2 741 0 1 0 530 0 111 138
0 142 97 2 741 0 1 0 668 0 141 97
0 187 35 2 426 0 1 0 847 0 186 35
0 82 179 1 426 0 82 179
0 177 49 3 419 0 175 49 426 0 1 0 741 0 1 0
0 212 0 1 219 0 212 0
0 149 88 2 1188 0 2 0 46 0 147 88
0 183 41 2 29 0 181 41 530 0 2 0
0 91 167 2 50 0 1 0 1115 0 90 167
0 164 67 2 699 0 163 67 426 0 1 0
0 85 176 2 497 0 83 176 741 0 2 0
0 186 35 1 530 0 186 35
0 182 41 2 530 0 181 41 426 0 1 0
0 71 194 1 530 0 71 194
-1
10 13
0 763 41 1 741 0 763 41
0 281 708 2 585 0 279 708 497 0 2 0
0 779 20 2 58 0 778 20 497 0 1 0
0 610 252 1 497 0 610 252
0 268 726 1 156 0 268 726
0 747 64 2 358 0 745 64 296 0 2 0
0 404 538 1 516 0 404 538
0 593 276 1 932 0 593 276
0 751 58 1 741 0 751 58
0 331 638 1 497 0 331 638
0 700 129 3 1015 0 1 0 893 0 698 129 1110 0 1 0
0 691 141 2 530 0 1 0 426 0 690 141
0 568 311 1 497 0 568 311
-1
11 11
0 607 399 2 1164 0 605 399 1109 0 2 0
0 402 682 2 1193 0 1 0 922 0 401 682
0 0 0 0
0 417 661 2 192 0 1 0 262 0 416 661
0 813 114 2 972 0 1 0 577 0 812 114
0 777 164 3 1182 0 1 0 958 0 1 0 50 0 775 164
0 468 591 1 668 0 468 591
0 817 108 1 583 0 817 108
0 723 238 1 190 0 723 238
0 515 523 1 798 0 515 523
0 321 794 1 668 0 321 794
-1
21 10
0 398 85 3 268 0 2 0 569 0 0 0 395 0 396 85
0 0 0 0
0 334 173 2 501 0 2 0 61 0 332 173
0 383 102 1 1015 0 383 102
0 0 0 0
0 0 0 0
0 0 0 0
0 368 126 2 225 0 2 0 529 0 366 126
0 387 99 1 516 0 387 99
0 319 194 2 807 0 318 194 413 0 1 0
-1
25 16
0 240 94 2 831 0 1 0 884 0 239 94
0 217 126 1 162 0 217 126
0 142 229 1 1090 0 142 229
0 119 261 2 1195 0 118 261 20 0 1 0
0 128 249 2 26 0 1 0 626 0 127 249
0 219 123 2 1066 0 218 123 58 0 1 0
0 137 235 1 1090 0 137 235
0 134 241 1 1090 0 134 241
0 204 144 2 207 0 203 144 1052 0 1 0
0 198 152 2 20 0 2 0 58 0 196 152
0 151 217 3 426 0 149 217 1152 0 1 0 156 0 1 0
0 104 282 1 613 0 104 282
0 265 58 2 1090 0 1 0 207 0 264 58
0 163 199 1 1090 0 163 199
0 241 91 1 1090 0 241 91
0 150 217 1 1090 0 150 217
-1
29 11
0 0 0 0
0 0 0 0
0 545 411 2 426 0 2 0 497 0 543 411
0 751 126 2 877 0 1 0 776 0 750 126
0 0 0 0
0 721 167 1 932 0 721 167
0 833 13 3 419 0 0 2 742 0 832 11 318 0 1 0
0 0 0 0
0 624 302 2 1193 0 1 0 358 0 623 302
0 802 55 2 958 0 801 55 613 0 1 0
0 832 14 3 29 0 830 14 413 0 1 0 74 0 1 0
-1
39 14
0 238 94 1 181 0 238 94
0 138 232 1 497 0 138 232
0 301 5 1 74 0 301 5
0 242 88 1 361 0 242 88
0 242 88 1 1171 0 242 88
0 222 114 1 74 0 222 114
0 234 99 3 972 0 1 0 870 0 232 99 873 0 1 0
0 153 211 2 699 0 152 211 132 0 1 0
0 138 232 2 1152 0 137 232 156 0 1 0
0 255 70 2 133 0 254 70 344 0 1 0
0 223 114 1 1120 0 223 114
0 281 34 2 364 0 281 32 873 0 0 2
0 175 179 1 74 0 175 179
0 250 76 1 74 0 250 76
-1
34 11
0 491 44 1 419 0 491 44
0 0 0 0
0 474 67 2 1018 0 1 0 937 0 473 67
0 0 0 0
0 341 252 2 281 0 340 252 583 0 1 0
0 421 141 2 419 0 420 141 643 0 1 0
0 464 82 2 162 0 463 82 454 0 1 0
0 457 91 1 162 0 457 91
0 0 0 0
0 0 0 0
0 353 235 1 1182 0 353 235
-1
6 18
0 361 29 1 74 0 361 29
0 372 14 2 343 0 370 14 1015 0 2 0
0 151 320 1 74 0 151 320
0 189 267 1 1142 0 189 267
0 355 38 2 231 0 354 38 289 0 1 0
0 216 229 1 74 0 216 229
0 212 235 2 426 0 211 235 74 0 1 0
0 204 247 1 318 0 204 247
0 262 164 1 74 0 262 164
0 382 0 1 192 0 382 0
0 231 208 1 74 0 231 208
0 289 129 2 1171 0 1 0 1110 0 288 129
0 200 252 2 634 0 198 252 741 0 2 0
0 266 161 2 1152 0 265 161 156 0 1 0
0 178 282 2 74 0 1 0 225 0 177 282
0 311 97 1 74 0 311 97
0 217 229 1 74 0 217 229
0 350 44 1 74 0 350 44
-1
27 13
0 311 61 2 668 0 2 0 1046 0 309 61
0 0 0 0
0 166 261 2 796 0 165 261 638 0 1 0
0 350 5 1 954 0 350 5
0 270 117 2 190 0 269 117 1109 0 1 0
0 347 11 2 1115 0 345 11 668 0 2 0
0 0 0 0
0 0 0 0
0 346 11 2 10 0 1 0 1193 0 345 11
0 330 35 2 46 0 1 0 634 0 329 35
0 170 255 1 1171 0 170 255
0 153 279 2 847 0 152 279 806 0 1 0
0 344 14 1 1018 0 344 14
-1
36 15
0 398 2 1 497 0 398 2
0 217 255 2 910 0 216 255 497 0 1 0
0 285 161 2 1057 0 283 161 741 0 2 0
0 251 208 2 156 0 2 0 1052 0 249 208
0 402 0 1 752 0 402 0
0 276 173 2 714 0 275 173 535 0 1 0
0 376 35 2 497 0 1 0 699 0 375 35
0 284 161 1 497 0 284 161
0 372 41 2 132 0 372 41 716 0 0 0
0 255 202 1 58 0 255 202
0 388 17 1 497 0 388 17
0 265 188 1 497 0 265 188
0 324 107 2 1188 0 324 105 643 0 0 2
0 250 208 1 497 0 250 208
0 214 258 1 497 0 214 258
-1
14 12
0 578 394 1 46 0 578 394
0 0 0 0
0 424 605 1 343 0 424 605
0 811 73 3 1052 0 1 0 207 0 809 73 1199 0 1 0
0 0 0 0
0 0 0 0
0 685 247 2 457 0 683 247 361 0 2 0
0 387 658 1 46 0 387 658
0 693 235 1 960 0 693 235
0 691 238 2 626 0 690 238 26 0 1 0
0 843 26 1 634 0 843 26
0 759 144 1 212 0 759 144
-1
18 14
0 0 0 0
0 263 341 1 454 0 263 341
0 437 99 1 579 0 437 99
0 191 441 1 1073 0 191 441
0 0 0 0
0 0 0 0
0 419 126 1 1159 0 419 126
0 463 64 2 579 0 1 0 781 0 462 64
0 362 205 3 50 0 2 0 338 0 360 205 397 0 0 0
0 221 399 1 74 0 221 399
0 0 0 0
0 0 0 0
0 297 294 1 1182 0 297 294
0 229 388 1 761 0 229 388
-1
9 14
0 338 88 2 20 0 1 0 1052 0 337 88
0 271 179 1 1171 0 271 179
0 342 82 1 132 0 342 82
0 366 49 2 419 0 2 0 579 0 364 49
0 287 158 1 1115 0 287 158
0 362 55 2 576 0 360 55 1171 0 2 0
0 401 0 1 613 0 401 0
0 358 61 2 419 0 1 0 323 0 357 61
0 214 258 1 613 0 214 258
0 146 352 1 613 0 146 352
0 225 244 1 1015 0 225 244
0 198 279 1 501 0 198 279
0 0 0 0
0 394 11 2 1152 0 1 0 156 0 393 11
-1
28 15
0 0 0 0
0 0 0 0
0 251 302 2 798 0 1 0 497 0 250 302
0 265 282 1 752 0 265 282
0 0 0 0
0 368 141 2 806 0 1 0 497 0 367 141
0 0 0 0
0 392 108 2 1182 0 390 108 958 0 2 0
0 392 108 3 477 0 1 0 424 0 390 108 296 0 1 0
0 417 73 2 752 0 1 0 613 0 416 73
0 215 352 2 583 0 214 352 798 0 1 0
0 234 326 1 806 0 234 326
0 0 0 0
0 255 297 2 622 0 254 297 752 0 1 0
0 385 117 2 752 0 1 0 419 0 384 117
-1
32 18
0 1006 23 1 1164 0 1006 23
0 951 99 2 752 0 1 0 883 0 950 99
0 804 302 2 752 0 1 0 950 0 803 302
0 877 202 3 397 0 1 0 338 0 875 202 361 0 1 0
0 938 117 1 752 0 938 117
0 789 323 1 798 0 789 323
0 419 835 1 752 0 419 835
0 927 132 2 752 0 1 0 870 0 926 132
0 439 805 1 752 0 439 805
0 606 576 1 668 0 606 576
0 825 273 2 1073 0 1 0 817 0 824 273
0 402 858 1 203 0 402 858
0 980 58 1 752 0 980 58
0 438 808 1 752 0 438 808
0 850 238 1 752 0 850 238
0 534 676 1 752 0 534 676
0 791 320 1 752 0 791 320
0 978 61 1 752 0 978 61
-1
35 21
0 219 17 2 1090 0 1 0 1046 0 218 17
0 85 202 1 1052 0 85 202
0 181 70 2 287 0 1 0 876 0 180 70
0 148 114 2 207 0 1 0 1052 0 147 114
0 148 114 2 1052 0 1 0 207 0 147 114
0 219 17 1 207 0 219 17
0 161 97 2 207 0 160 97 1052 0 1 0
0 139 126 1 1052 0 139 126
0 87 199 1 207 0 87 199
0 210 29 2 634 0 1 0 304 0 209 29
0 89 197 2 20 0 88 197 1052 0 1 0
0 0 0 0
0 163 94 1 207 0 163 94
0 202 41 2 1052 0 1 0 847 0 201 41
0 185 64 2 1052 0 1 0 207 0 184 64
0 181 67 1 1052 0 181 67
0 109 167 1 1052 0 109 167
0 194 52 2 1052 0 192 52 207 0 2 0
0 160 99 2 1052 0 159 99 207 0 1 0
0 85 202 2 1052 0 83 202 207 0 2 0
0 85 202 1 1052 0 85 202
-1
13 21
0 670 273 2 1046 0 669 273 613 0 1 0
0 751 161 2 426 0 749 161 530 0 2 0
0 719 205 1 20 0 719 205
0 860 11 2 741 0 1 0 1171 0 859 11
0 444 585 1 426 0 444 585
0 838 41 2 413 0 837 41 29 0 1 0
0 834 47 2 268 0 832 47 1171 0 2 0
0 745 170 2 585 0 743 170 1152 0 2 0
0 666 279 2 203 0 665 279 1015 0 1 0
0 855 17 1 667 0 855 17
0 751 161 1 1090 0 751 161
0 596 376 2 530 0 595 376 426 0 1 0
0 551 438 1 426 0 551 438
0 834 47 1 530 0 834 47
0 564 417 1 741 0 564 417
0 789 108 2 741 0 1 0 426 0 788 108
0 517 485 2 426 0 1 0 530 0 516 485
0 570 411 1 426 0 570 411
0 864 5 2 530 0 2 0 741 0 862 5
0 671 270 1 426 0 671 270
0 386 664 1 530 0 386 664
-1
4 20
0 400 147 1 343 0 400 147
0 283 308 2 281 0 2 0 203 0 281 308
0 396 152 2 741 0 1 0 426 0 395 152
0 342 226 2 190 0 341 226 1109 0 1 0
0 298 288 3 281 0 296 288 1195 0 1 0 583 0 1 0
0 270 326 1 960 0 270 326
0 334 238 2 281 0 333 238 1195 0 1 0
0 366 194 2 1195 0 1 0 1015 0 365 194
0 170 464 2 281 0 1 0 1195 0 169 464
0 404 141 1 439 0 404 141
0 264 335 2 516 0 263 335 798 0 1 0
0 376 179 1 281 0 376 179
0 345 223 3 281 0 0 0 1195 0 2 0 392 0 343 223
0 240 367 2 1195 0 1 0 281 0 239 367
0 362 199 3 1164 0 1 0 954 0 1 0 304 0 360 199
0 349 217 3 1195 0 1 0 281 0 1 0 583 0 347 217
0 481 32 1 281 0 481 32
0 342 226 1 281 0 342 226
0 356 205 1 583 0 356 205
0 247 355 1 1195 0 247 355
-1
40 12
0 730 111 2 983 0 729 111 318 0 1 0
0 0 0 0
0 531 385 1 318 0 531 385
0 665 199 1 225 0 665 199
0 0 0 0
0 570 332 1 873 0 570 332
0 745 88 1 318 0 745 88
0 658 211 2 741 0 1 0 1188 0 657 211
0 0 0 0
0 563 341 1 419 0 563 341
0 425 532 2 332 0 424 532 978 0 1 0
0 700 152 2 133 0 698 152 413 0 2 0
-1
24 10
0 508 673 2 1109 0 1 0 517 0 507 673
0 861 185 2 1109 0 860 185 190 0 1 0
0 550 614 1 392 0 550 614
0 0 0 0
0 0 0 0
0 383 847 2 1180 0 382 847 190 0 1 0
0 396 829 2 297 0 395 829 908 0 1 0
0 434 776 1 38 0 434 776
0 0 0 0
0 775 305 3 798 0 1 0 806 0 1 0 203 0 773 305
-1
17 13
0 302 176 1 585 0 302 176
0 265 226 1 497 0 265 226
0 345 117 2 268 0 343 117 613 0 2 0
0 325 144 1 497 0 325 144
0 300 179 1 613 0 300 179
0 395 47 2 806 0 394 47 497 0 1 0
0 250 247 2 497 0 1 0 1015 0 249 247
0 351 108 2 397 0 349 108 361 0 2 0
0 415 20 2 146 0 2 0 578 0 413 20
0 424 5 1 497 0 424 5
0 307 167 1 497 0 307 167
0 206 308 1 497 0 206 308
0 341 120 1 497 0 341 120
-1
15 12
0 0 0 0
0 462 367 2 203 0 461 367 343 0 1 0
0 534 267 2 516 0 1 0 535 0 533 267
0 0 0 0
0 340 535 2 55 0 1 0 358 0 339 535
0 400 452 1 378 0 400 452
0 0 0 0
0 0 0 0
0 0 0 0
0 548 247 1 267 0 548 247
0 656 99 2 132 0 655 99 497 0 1 0
0 517 291 1 1018 0 517 291
-1
37 13
0 785 347 3 752 0 1 0 203 0 1 0 1015 0 783 347
0 779 355 2 806 0 777 355 798 0 2 0
0 649 532 1 847 0 649 532
0 0 0 0
0 0 0 0
0 0 0 0
0 974 85 1 773 0 974 85
0 0 0 0
0 924 155 2 190 0 2 0 436 0 922 155
0 519 714 2 817 0 1 0 368 0 518 714
0 825 291 1 643 0 825 291
0 723 432 1 1073 0 723 432
0 908 176 2 190 0 1 0 893 0 907 176
-1
16 25
0 419 41 2 219 0 1 0 1180 0 418 41
0 323 173 3 530 0 0 0 613 0 322 173 741 0 1 0
0 440 11 2 716 0 439 11 741 0 1 0
0 172 382 1 847 0 172 382
0 300 205 2 426 0 299 205 741 0 1 0
0 427 29 3 1015 0 1 0 296 0 425 29 426 0 1 0
0 355 129 2 207 0 354 129 741 0 1 0
0 423 35 1 741 0 423 35
0 155 405 1 426 0 155 405
0 287 223 2 910 0 286 223 699 0 1 0
0 402 64 2 741 0 401 64 530 0 1 0
0 240 288 1 626 0 240 288
0 393 76 2 281 0 393 76 741 0 0 0
0 283 229 2 741 0 2 0 426 0 281 229
0 304 199 2 622 0 303 199 530 0 1 0
0 300 205 2 1015 0 299 205 426 0 1 0
0 413 49 2 741 0 1 0 873 0 412 49
0 276 238 1 530 0 276 238
0 248 276 2 530 0 1 0 426 0 247 276
0 372 105 1 530 0 372 105
0 285 226 2 530 0 1 0 426 0 284 226
0 284 226 1 426 0 284 226
0 321 176 2 530 0 320 176 426 0 1 0
0 248 276 1 741 0 248 276
0 370 108 1 530 0 370 108
-1
23 14
0 543 614 2 424 0 1 0 25 0 542 614
0 841 202 2 609 0 840 202 695 0 1 0
0 665 444 1 634 0 665 444
0 0 0 0
0 844 197 1 806 0 844 197
0 525 638 1 46 0 525 638
0 864 170 3 1195 0 1 0 281 0 862 170 343 0 1 0
0 0 0 0
0 0 0 0
0 500 673 1 195 0 500 673
0 0 0 0
0 951 49 3 46 0 1 0 1015 0 949 49 847 0 1 0
0 866 167 2 626 0 865 167 26 0 1 0
0 925 85 1 626 0 925 85
-1
30 14
0 382 300 1 843 0 382 300
0 0 0 0
0 353 341 1 131 0 353 341
0 325 379 2 613 0 1 0 1110 0 324 379
0 375 311 2 1195 0 1 0 281 0 374 311
0 0 0 0
0 0 0 0
0 0 0 0
0 0 0 0
0 417 252 2 293 0 416 252 613 0 1 0
0 0 0 0
0 0 0 0
0 0 0 0
0 236 502 1 605 0 236 502
-1
19 17
0 236 26 2 847 0 235 26 343 0 1 0
0 240 20 2 426 0 1 0 884 0 239 20
0 220 47 1 960 0 220 47
0 0 0 0
0 221 47 1 643 0 221 47
0 0 0 0
0 243 17 2 222 0 242 17 392 0 1 0
0 0 0 0
0 102 211 1 190 0 102 211
0 119 188 2 960 0 1 0 1018 0 118 188
0 112 197 1 613 0 112 197
0 0 0 0
0 127 176 1 1188 0 127 176
0 0 0 0
0 245 14 2 46 0 1 0 643 0 244 14
0 0 0 0
0 0 0 0
-1
26 12
0 0 0 0
0 0 0 0
0 517 355 2 289 0 516 355 806 0 1 0
0 0 0 0
0 0 0 0
0 600 241 2 954 0 1 0 567 0 599 241
0 613 223 2 1029 0 2 0 1109 0 611 223
0 745 38 1 960 0 745 38
0 0 0 0
0 746 38 1 754 0 746 38
0 655 164 1 1029 0 655 164
0 268 700 1 804 0 268 700
-1
22 19
0 510 85 1 512 0 510 85
0 387 255 2 1046 0 1 0 893 0 386 255
0 526 64 3 50 0 524 64 821 0 1 0 323 0 1 0
0 327 338 2 1159 0 1 0 742 0 326 338
0 202 511 1 605 0 202 511
0 494 108 2 806 0 1 0 960 0 493 108
0 375 270 1 1159 0 375 270
0 378 267 1 1159 0 378 267
0 476 132 1 426 0 476 132
0 392 249 2 605 0 391 249 225 0 1 0
0 325 341 1 1110 0 325 341
0 513 82 3 338 0 1 0 797 0 1 0 577 0 511 82
0 366 285 2 1171 0 1 0 1199 0 365 285
0 487 117 1 29 0 487 117
0 407 226 1 1159 0 407 226
0 407 226 1 1159 0 407 226
0 543 38 1 1159 0 543 38
0 365 285 1 1159 0 365 285
0 414 217 1 1159 0 414 217
-1
20 14
0 492 729 1 497 0 492 729
0 753 370 2 741 0 752 370 426 0 1 0
0 477 752 2 364 0 475 752 1015 0 2 0
0 991 41 2 497 0 1 0 583 0 990 41
0 423 826 2 58 0 422 826 1066 0 1 0
0 844 244 1 497 0 844 244
0 668 488 2 497 0 1 0 847 0 667 488
0 504 714 2 1073 0 503 714 426 0 1 0
0 591 594 2 1050 0 590 594 38 0 1 0
0 760 361 2 299 0 759 361 605 0 1 0
0 842 247 1 847 0 842 247
0 530 679 2 203 0 2 0 436 0 528 679
0 413 838 1 497 0 413 838
0 842 247 1 497 0 842 247
-1
38 14
0 661 382 1 1052 0 661 382
0 722 297 1 1090 0 722 297
0 392 755 2 26 0 390 755 20 0 2 0
0 702 326 1 1090 0 702 326
0 759 247 1 261 0 759 247
0 721 300 2 1090 0 1 0 699 0 720 300
0 572 505 1 1188 0 572 505
0 578 497 1 1074 0 578 497
0 500 605 2 910 0 499 605 1090 0 1 0
0 670 370 2 798 0 669 370 1195 0 1 0
0 711 311 1 1090 0 711 311
0 676 361 1 1090 0 676 361
0 530 561 1 1090 0 530 561
0 718 302 1 1090 0 718 302
-1
2 12
0 696 491 1 162 0 696 491
0 834 302 1 1171 0 834 302
0 666 535 2 1171 0 665 535 74 0 1 0
0 868 255 2 941 0 867 255 289 0 1 0
0 802 347 1 419 0 802 347
0 417 879 1 1159 0 417 879
0 687 505 1 426 0 687 505
0 632 582 2 413 0 1 0 471 0 631 582
0 0 0 0
0 919 185 2 132 0 1 0 1152 0 918 185
0 907 202 2 156 0 1 0 1088 0 906 202
0 533 717 1 74 0 533 717
-1
12 14
0 881 214 1 190 0 881 214
0 0 0 0
0 751 397 3 38 0 1 0 700 0 749 397 1172 0 1 0
0 0 0 0
0 779 358 2 281 0 1 0 1066 0 778 358
0 0 0 0
0 721 438 2 364 0 1 0 368 0 720 438
0 0 0 0
0 0 0 0
0 404 876 1 535 0 404 876
0 958 111 2 26 0 957 111 583 0 1 0
0 0 0 0
0 508 732 2 1047 0 507 732 954 0 1 0
0 700 467 2 122 0 2 0 555 0 698 467
-1
33 18
0 459 26 1 873 0 459 26
0 315 226 2 741 0 1 0 530 0 314 226
0 323 214 1 1074 0 323 214
0 421 79 1 74 0 421 79
0 438 55 1 488 0 438 55
0 306 238 1 74 0 306 238
0 224 352 2 931 0 223 352 225 0 1 0
0 223 352 1 74 0 223 352
0 285 267 1 74 0 285 267
0 378 138 1 1180 0 378 138
0 159 441 1 74 0 159 441
0 280 273 1 74 0 280 273
0 470 11 1 1066 0 470 11
0 342 188 1 74 0 342 188
0 470 11 2 1159 0 1 0 1073 0 469 11
0 335 197 1 74 0 335 197
0 201 382 1 318 0 201 382
0 345 182 1 74 0 345 182
-1
8 20
0 294 485 1 497 0 294 485
0 515 182 2 221 0 2 0 858 0 513 182
0 570 105 1 497 0 570 105
0 500 202 2 207 0 499 202 20 0 1 0
0 532 158 2 497 0 1 0 530 0 531 158
0 611 49 2 613 0 2 0 323 0 609 49
0 436 291 1 497 0 436 291
0 397 344 1 512 0 397 344
0 627 26 1 497 0 627 26
0 302 476 1 497 0 302 476
0 307 467 1 497 0 307 467
0 416 317 1 497 0 416 317
0 538 150 2 1046 0 537 150 1110 0 1 0
0 455 264 1 497 0 455 264
0 492 214 2 343 0 491 214 847 0 1 0
0 604 58 1 162 0 604 58
0 578 94 1 497 0 578 94
0 448 273 1 497 0 448 273
0 521 173 1 497 0 521 173
0 226 579 1 497 0 226 579
-1
31 15
0 0 0 0
0 241 4 2 626 0 0 2 26 0 241 2
0 119 173 1 960 0 119 173
0 235 11 1 634 0 235 11
0 144 138 1 997 0 144 138
0 153 126 1 806 0 153 126
0 183 85 3 1195 0 1 0 281 0 1 0 203 0 181 85
0 244 0 1 929 0 244 0
0 0 0 0
0 0 0 0
0 0 0 0
0 101 197 1 634 0 101 197
0 220 32 1 634 0 220 32
0 97 202 2 806 0 1 0 752 0 96 202
0 106 191 1 1088 0 106 191
-1
1 16
0 355 150 2 181 0 354 150 893 0 1 0
0 187 382 2 26 0 186 382 1188 0 1 0
0 317 202 2 1159 0 316 202 530 0 1 0
0 436 38 2 1015 0 1 0 1120 0 435 38
0 220 335 1 497 0 220 335
0 454 11 1 497 0 454 11
0 274 261 1 497 0 274 261
0 291 238 2 231 0 290 238 997 0 1 0
0 317 202 2 419 0 1 0 225 0 316 202
0 449 20 3 716 0 1 0 132 0 447 20 497 0 1 0
0 434 41 1 497 0 434 41
0 453 14 1 181 0 453 14
0 175 397 1 497 0 175 397
0 417 64 1 497 0 417 64
0 347 158 1 497 0 347 158
0 338 173 1 497 0 338 173
-1
3 18
0 633 185 1 207 0 633 185
0 410 494 2 798 0 409 494 847 0 1 0
0 702 91 1 207 0 702 91
0 412 491 2 58 0 1 0 847 0 411 491
0 583 255 2 207 0 1 0 1052 0 582 255
0 726 58 3 1094 0 724 58 821 0 1 0 699 0 1 0
0 694 102 3 1052 0 2 0 207 0 0 0 20 0 692 102
0 387 526 1 207 0 387 526
0 557 291 3 1090 0 1 0 133 0 0 0 261 0 556 291
0 378 538 2 207 0 377 538 1052 0 1 0
0 538 317 1 1052 0 538 317
0 364 558 2 156 0 362 558 1090 0 2 0
0 604 226 1 207 0 604 226
0 559 288 1 1052 0 559 288
0 453 435 1 1052 0 453 435
0 702 91 1 1052 0 702 91
0 293 655 2 1052 0 292 655 207 0 1 0
0 486 388 1 1052 0 486 388
-1
