2 26
0 4187 2197 1 1 0 4187 2197
0 2003 8750 1 1 0 2003 8750
0 4592 982 1 1 0 4592 982
0 0 0 0
0 4693 680 1 1 0 4693 680
0 0 0 0
0 0 0 0
0 4297 1867 1 1 0 4297 1867
0 0 0 0
0 0 0 0
0 0 0 0
0 1643 9830 1 1 0 1643 9830
0 0 0 0
0 2627 6877 1 1 0 2627 6877
0 0 0 0
0 2920 6000 1 1 0 2920 6000
0 3430 4470 1 1 0 3430 4470
0 0 0 0
0 0 0 0
0 3322 4792 1 1 0 3322 4792
0 4366 1660 1 1 0 4366 1660
0 0 0 0
0 0 0 0
0 3108 5435 1 1 0 3108 5435
0 0 0 0
0 0 0 0
-1
4 22
0 0 0 0
0 4362 5340 1 1 0 4362 5340
0 5977 495 1 1 0 5977 495
0 4353 5367 1 1 0 4353 5367
0 0 0 0
0 0 0 0
0 6044 295 1 1 0 6044 295
0 5399 2230 1 1 0 5399 2230
0 0 0 0
0 2755 10162 1 1 0 2755 10162
0 3612 7590 1 1 0 3612 7590
0 5637 1515 1 1 0 5637 1515
0 5378 2292 1 1 0 5378 2292
0 0 0 0
0 0 0 0
0 6100 127 1 1 0 6100 127
0 0 0 0
0 0 0 0
0 5913 687 1 1 0 5913 687
0 4752 4170 1 1 0 4752 4170
0 0 0 0
0 2973 9507 1 1 0 2973 9507
-1
1 23
0 0 0 0
0 4439 3087 1 1 0 4439 3087
0 0 0 0
0 0 0 0
0 5407 182 1 1 0 5407 182
0 4198 3810 1 1 0 4198 3810
0 0 0 0
0 4851 1850 1 1 0 4851 1850
0 0 0 0
0 4890 1735 1 1 0 4890 1735
0 5031 1310 1 1 0 5031 1310
0 0 0 0
0 5211 770 1 1 0 5211 770
0 5101 1100 1 1 0 5101 1100
0 0 0 0
0 4208 3780 1 1 0 4208 3780
0 0 0 0
0 0 0 0
0 0 0 0
0 0 0 0
0 0 0 0
0 5402 197 1 1 0 5402 197
0 5182 857 1 1 0 5182 857
-1
3 22
0 0 0 0
0 0 0 0
0 0 0 0
0 0 0 0
0 2990 4342 1 1 0 2990 4342
0 4038 1197 1 1 0 4038 1197
0 0 0 0
0 1648 8367 1 1 0 1648 8367
0 2935 4507 1 1 0 2935 4507
0 4383 162 1 1 0 4383 162
0 3631 2417 1 1 0 3631 2417
0 4393 132 1 1 0 4393 132
0 0 0 0
0 3277 3480 1 1 0 3277 3480
0 0 0 0
0 2075 7087 1 1 0 2075 7087
0 0 0 0
0 0 0 0
0 0 0 0
0 0 0 0
0 2289 6445 1 1 0 2289 6445
0 4247 570 1 1 0 4247 570
-1
5 24
0 3552 920 1 1 0 3552 920
0 0 0 0
0 2945 2742 1 1 0 2945 2742
0 3419 1320 1 1 0 3419 1320
0 0 0 0
0 0 0 0
0 1426 7297 1 1 0 1426 7297
0 3351 1522 1 1 0 3351 1522
0 1624 6705 1 1 0 1624 6705
0 0 0 0
0 0 0 0
0 0 0 0
0 0 0 0
0 0 0 0
0 0 0 0
0 1883 5927 1 1 0 1883 5927
0 0 0 0
0 1451 7222 1 1 0 1451 7222
0 0 0 0
0 0 0 0
0 2690 3507 1 1 0 2690 3507
0 0 0 0
0 3756 307 1 1 0 3756 307
0 2440 4257 1 1 0 2440 4257
-1
