1 16
0 0 0 0
0 0 0 0
0 0 0 0
0 0 0 0
0 0 0 0
0 0 0 0
0 0 0 0
0 0 0 0
0 0 0 0
0 0 0 0
0 0 0 0
0 0 0 0
0 0 0 0
0 0 0 0
0 0 0 0
0 0 0 0
-1
5 10
0 0 0 0
0 0 0 0
0 0 0 0
0 0 0 0
0 0 0 0
0 0 0 0
0 0 0 0
0 0 0 0
0 0 0 0
0 0 0 0
-1
6 15
0 0 0 0
0 0 0 0
0 0 0 0
0 0 0 0
0 0 0 0
0 0 0 0
0 0 0 0
0 0 0 0
0 0 0 0
0 0 0 0
0 0 0 0
0 0 0 0
0 0 0 0
0 0 0 0
0 0 0 0
-1
8 48
0 1900 293 1 541 0 1900 293
0 1351 1863 1 530 0 1351 1863
0 1673 943 1 1096 0 1673 943
0 1750 722 1 457 0 1750 722
0 1396 1736 1 452 0 1396 1736
0 1769 668 1 915 0 1769 668
0 1806 561 1 530 0 1806 561
0 1624 1081 1 1091 0 1624 1081
0 1804 567 2 642 0 0 2 65 0 1804 565
0 1881 345 1 457 0 1881 345
0 1969 95 1 74 0 1969 95
0 1621 1090 1 404 0 1621 1090
0 1423 1659 1 1020 0 1423 1659
0 1540 1322 1 377 0 1540 1322
0 1347 1875 1 675 0 1347 1875
0 1905 277 1 632 0 1905 277
0 1582 1202 1 808 0 1582 1202
0 1589 1181 1 288 0 1589 1181
0 1867 386 1 88 0 1867 386
0 1844 452 1 45 0 1844 452
0 1833 484 1 541 0 1833 484
0 1999 9 1 354 0 1999 9
0 1866 388 1 231 0 1866 388
0 1617 1102 1 1133 0 1617 1102
0 1688 900 1 909 0 1688 900
0 1588 1186 1 817 0 1588 1186
0 1702 859 1 304 0 1702 859
0 1728 784 1 88 0 1728 784
0 1812 543 1 756 0 1812 543
0 1618 1100 1 269 0 1618 1100
0 1185 2338 1 675 0 1185 2338
0 1868 384 1 231 0 1868 384
0 1526 1363 1 91 0 1526 1363
0 1199 2300 1 537 0 1199 2300
0 1930 206 1 691 0 1930 206
0 1599 1154 1 148 0 1599 1154
0 1421 1663 1 388 0 1421 1663
0 1517 1388 1 576 0 1517 1388
0 1055 2711 1 600 0 1055 2711
0 1879 352 1 732 0 1879 352
0 1564 1254 1 65 0 1564 1254
0 1968 97 1 388 0 1968 97
0 1682 915 1 304 0 1682 915
0 1476 1506 1 537 0 1476 1506
0 1830 493 1 915 0 1830 493
0 1660 979 1 269 0 1660 979
0 1389 1754 1 600 0 1389 1754
0 1433 1629 1 692 0 1433 1629
-1
9 14
0 0 0 0
0 0 0 0
0 0 0 0
0 0 0 0
0 0 0 0
0 0 0 0
0 0 0 0
0 0 0 0
0 0 0 0
0 0 0 0
0 0 0 0
0 0 0 0
0 0 0 0
0 0 0 0
-1
13 39
0 1566 75 1 757 0 1566 75
0 1488 300 1 757 0 1488 300
0 1445 422 1 989 0 1445 422
0 1571 61 1 1087 0 1571 61
0 1537 159 1 252 0 1537 159
0 1394 568 1 81 0 1394 568
0 1557 102 1 1193 0 1557 102
0 1415 509 1 994 0 1415 509
0 1536 161 1 339 0 1536 161
0 1480 322 1 1159 0 1480 322
0 1575 50 1 260 0 1575 50
0 1582 29 1 260 0 1582 29
0 1328 756 1 746 0 1328 756
0 1542 145 1 697 0 1542 145
0 1510 236 1 1198 0 1510 236
0 1494 281 1 483 0 1494 281
0 1575 50 1 747 0 1575 50
0 1512 229 1 237 0 1512 229
0 1549 125 1 254 0 1549 125
0 1565 79 1 358 0 1565 79
0 1396 563 1 380 0 1396 563
0 1568 70 1 561 0 1568 70
0 1243 1000 1 686 0 1243 1000
0 1541 147 1 1155 0 1541 147
0 1328 756 1 1117 0 1328 756
0 1354 681 1 697 0 1354 681
0 1567 72 1 373 0 1567 72
0 1320 779 1 342 0 1320 779
0 1559 95 1 237 0 1559 95
0 1228 1043 1 199 0 1228 1043
0 1241 1006 1 81 0 1241 1006
0 1304 825 1 1117 0 1304 825
0 1554 109 1 997 0 1554 109
0 1469 354 1 916 0 1469 354
0 1255 965 1 267 0 1255 965
0 1509 240 2 982 0 1 0 683 0 1508 240
0 1107 1390 1 413 0 1107 1390
0 1332 745 1 371 0 1332 745
0 1239 1011 1 1040 0 1239 1011
-1
14 11
0 0 0 0
0 0 0 0
0 0 0 0
0 0 0 0
0 0 0 0
0 0 0 0
0 0 0 0
0 0 0 0
0 0 0 0
0 0 0 0
0 0 0 0
-1
17 11
0 0 0 0
0 0 0 0
0 0 0 0
0 0 0 0
0 0 0 0
0 0 0 0
0 0 0 0
0 0 0 0
0 0 0 0
0 0 0 0
0 0 0 0
-1
18 13
0 0 0 0
0 0 0 0
0 0 0 0
0 0 0 0
0 0 0 0
0 0 0 0
0 0 0 0
0 0 0 0
0 0 0 0
0 0 0 0
0 0 0 0
0 0 0 0
0 0 0 0
-1
19 10
0 0 0 0
0 0 0 0
0 0 0 0
0 0 0 0
0 0 0 0
0 0 0 0
0 0 0 0
0 0 0 0
0 0 0 0
0 0 0 0
-1
22 11
0 0 0 0
0 0 0 0
0 0 0 0
0 0 0 0
0 0 0 0
0 0 0 0
0 0 0 0
0 0 0 0
0 0 0 0
0 0 0 0
0 0 0 0
-1
23 16
0 0 0 0
0 0 0 0
0 2220 193 1 916 0 2220 193
0 0 0 0
0 0 0 0
0 0 0 0
0 0 0 0
0 2094 554 1 520 0 2094 554
0 0 0 0
0 0 0 0
0 2278 27 1 624 0 2278 27
0 2181 304 1 762 0 2181 304
0 2241 134 1 95 0 2241 134
0 0 0 0
0 0 0 0
0 0 0 0
-1
25 15
0 0 0 0
0 0 0 0
0 0 0 0
0 0 0 0
0 0 0 0
0 0 0 0
0 0 0 0
0 0 0 0
0 0 0 0
0 0 0 0
0 0 0 0
0 0 0 0
0 0 0 0
0 0 0 0
0 0 0 0
-1
31 21
0 0 0 0
0 1492 297 1 638 0 1492 297
0 0 0 0
0 0 0 0
0 0 0 0
0 0 0 0
0 1429 477 1 132 0 1429 477
0 1592 11 1 631 0 1592 11
0 0 0 0
0 0 0 0
0 0 0 0
0 0 0 0
0 0 0 0
0 0 0 0
0 1578 50 1 638 0 1578 50
0 0 0 0
0 1470 359 1 1104 0 1470 359
0 0 0 0
0 1550 131 1 1104 0 1550 131
0 0 0 0
0 0 0 0
-1
35 15
0 1833 1445 1 1095 0 1833 1445
0 2258 227 1 678 0 2258 227
0 2252 245 1 815 0 2252 245
0 0 0 0
0 2129 597 1 512 0 2129 597
0 2291 134 1 206 0 2291 134
0 0 0 0
0 2287 145 1 998 0 2287 145
0 2144 554 1 701 0 2144 554
0 2032 875 1 39 0 2032 875
0 0 0 0
0 2198 400 1 735 0 2198 400
0 2125 609 1 222 0 2125 609
0 2080 738 1 778 0 2080 738
0 2121 620 1 1172 0 2121 620
-1
36 68
0 1647 1734 1 582 0 1647 1734
0 1650 1727 1 56 0 1650 1727
0 1711 1552 1 479 0 1711 1552
0 2059 554 1 657 0 2059 554
0 1673 1661 1 488 0 1673 1661
0 1991 750 1 96 0 1991 750
0 1756 1422 1 1058 0 1756 1422
0 1724 1513 1 1134 0 1724 1513
0 2178 213 1 258 0 2178 213
0 2080 495 1 124 0 2080 495
0 2101 434 1 716 0 2101 434
0 1796 1309 1 1174 0 1796 1309
0 1349 2588 1 731 0 1349 2588
0 1913 972 1 531 0 1913 972
0 2111 406 1 1002 0 2111 406
0 2044 597 1 627 0 2044 597
0 2065 538 1 324 0 2065 538
0 2135 336 1 932 0 2135 336
0 1963 829 1 616 0 1963 829
0 1546 2025 1 382 0 1546 2025
0 1720 1525 1 351 0 1720 1525
0 1642 1750 1 56 0 1642 1750
0 1213 2977 1 796 0 1213 2977
0 1146 3170 1 6 0 1146 3170
0 1347 2593 1 34 0 1347 2593
0 1134 3204 1 985 0 1134 3204
0 998 3593 1 236 0 998 3593
0 1852 1147 1 370 0 1852 1147
0 1425 2370 1 96 0 1425 2370
0 1280 2786 1 1002 0 1280 2786
0 2173 229 1 30 0 2173 229
0 2247 15 1 1015 0 2247 15
0 1241 2897 1 1174 0 1241 2897
0 2047 588 1 137 0 2047 588
0 2200 152 1 952 0 2200 152
0 1847 1161 1 711 0 1847 1161
0 1957 847 1 276 0 1957 847
0 2167 245 1 539 0 2167 245
0 1443 2318 1 867 0 1443 2318
0 1836 1193 1 947 0 1836 1193
0 1794 1313 1 4 0 1794 1313
0 1492 2179 1 453 0 1492 2179
0 2060 552 1 794 0 2060 552
0 1749 1443 1 228 0 1749 1443
0 2051 577 1 867 0 2051 577
0 1692 1606 1 488 0 1692 1606
0 1511 2125 1 1037 0 1511 2125
0 1516 2109 1 698 0 1516 2109
0 2036 620 1 33 0 2036 620
0 1909 984 1 205 0 1909 984
0 1374 2515 1 1002 0 1374 2515
0 1714 1543 1 297 0 1714 1543
0 1416 2395 1 1003 0 1416 2395
0 1999 727 1 1142 0 1999 727
0 2046 593 1 1026 0 2046 593
0 1894 1027 1 325 0 1894 1027
0 1936 906 1 6 0 1936 906
0 2147 302 1 682 0 2147 302
0 2092 461 1 511 0 2092 461
0 1827 1218 1 913 0 1827 1218
0 2171 234 1 315 0 2171 234
0 1913 972 1 1145 0 1913 972
0 2133 343 1 752 0 2133 343
0 1230 2929 1 771 0 1230 2929
0 2217 102 1 294 0 2217 102
0 2213 113 1 441 0 2213 113
0 1971 806 1 731 0 1971 806
0 2004 711 1 1033 0 2004 711
-1
37 25
0 996 47 1 420 0 996 47
0 995 50 1 605 0 995 50
0 927 243 1 1048 0 927 243
0 972 115 1 504 0 972 115
0 720 836 1 352 0 720 836
0 0 0 0
0 901 318 1 420 0 901 318
0 953 170 1 536 0 953 170
0 888 356 1 676 0 888 356
0 928 242 2 863 0 928 240 471 0 0 2
0 948 184 1 1041 0 948 184
0 982 86 1 1081 0 982 86
0 872 402 1 379 0 872 402
0 858 440 1 504 0 858 440
0 967 129 1 313 0 967 129
0 992 59 1 706 0 992 59
0 900 322 1 877 0 900 322
0 1000 36 1 12 0 1000 36
0 873 400 1 103 0 873 400
0 935 220 1 1081 0 935 220
0 892 345 1 392 0 892 345
0 961 147 1 801 0 961 147
0 964 138 1 471 0 964 138
0 986 75 1 103 0 986 75
0 989 65 1 1041 0 989 65
-1
38 18
0 0 0 0
0 0 0 0
0 0 0 0
0 0 0 0
0 2168 195 1 1 0 2168 195
0 0 0 0
0 2134 293 1 1 0 2134 293
0 0 0 0
0 0 0 0
0 0 0 0
0 0 0 0
0 0 0 0
0 0 0 0
0 0 0 0
0 0 0 0
0 0 0 0
0 0 0 0
0 0 0 0
-1
40 14
0 0 0 0
0 0 0 0
0 0 0 0
0 0 0 0
0 0 0 0
0 0 0 0
0 0 0 0
0 0 0 0
0 0 0 0
0 0 0 0
0 0 0 0
0 0 0 0
0 0 0 0
0 0 0 0
-1
26 18
0 0 0 0
0 0 0 0
0 0 0 0
0 0 0 0
0 0 0 0
0 0 0 0
0 0 0 0
0 0 0 0
0 0 0 0
0 0 0 0
0 0 0 0
0 0 0 0
0 0 0 0
0 0 0 0
0 0 0 0
0 0 0 0
0 0 0 0
0 0 0 0
-1
16 17
0 1138 104 1 783 0 1138 104
0 0 0 0
0 1140 97 1 127 0 1140 97
0 0 0 0
0 1083 261 1 776 0 1083 261
0 0 0 0
0 0 0 0
0 1140 97 1 783 0 1140 97
0 1173 4 1 776 0 1173 4
0 0 0 0
0 0 0 0
0 0 0 0
0 0 0 0
0 0 0 0
0 1171 9 1 776 0 1171 9
0 0 0 0
0 0 0 0
-1
33 10
0 0 0 0
0 0 0 0
0 0 0 0
0 0 0 0
0 0 0 0
0 0 0 0
0 0 0 0
0 0 0 0
0 0 0 0
0 0 0 0
-1
27 17
0 0 0 0
0 0 0 0
0 0 0 0
0 0 0 0
0 0 0 0
0 0 0 0
0 0 0 0
0 0 0 0
0 0 0 0
0 0 0 0
0 0 0 0
0 0 0 0
0 0 0 0
0 0 0 0
0 0 0 0
0 0 0 0
0 0 0 0
-1
15 12
0 0 0 0
0 0 0 0
0 0 0 0
0 0 0 0
0 0 0 0
0 0 0 0
0 0 0 0
0 0 0 0
0 0 0 0
0 0 0 0
0 0 0 0
0 0 0 0
-1
12 49
0 1472 272 1 974 0 1472 272
0 1429 395 1 1063 0 1429 395
0 1384 525 1 744 0 1384 525
0 1378 542 2 1064 0 0 2 465 0 1378 540
0 1320 706 1 198 0 1320 706
0 1553 40 1 459 0 1553 40
0 1551 45 1 1064 0 1551 45
0 1259 881 1 981 0 1259 881
0 1515 150 1 1137 0 1515 150
0 1488 227 1 497 0 1488 227
0 1255 893 1 615 0 1255 893
0 1414 438 1 465 0 1414 438
0 1476 261 1 290 0 1476 261
0 882 1961 1 812 0 882 1961
0 1539 79 1 61 0 1539 79
0 1540 77 1 973 0 1540 77
0 1540 77 1 1149 0 1540 77
0 1258 884 1 497 0 1258 884
0 1449 338 1 796 0 1449 338
0 1437 372 1 191 0 1437 372
0 1551 45 1 680 0 1551 45
0 1245 922 1 324 0 1245 922
0 1459 309 1 262 0 1459 309
0 1114 1297 1 42 0 1114 1297
0 950 1768 1 198 0 950 1768
0 1195 1065 1 771 0 1195 1065
0 1372 559 1 202 0 1372 559
0 1447 343 1 805 0 1447 343
0 1247 915 1 459 0 1247 915
0 1228 970 1 479 0 1228 970
0 1479 252 1 1089 0 1479 252
0 1195 1065 1 417 0 1195 1065
0 1482 243 1 318 0 1482 243
0 1247 915 1 533 0 1247 915
0 1443 354 1 1137 0 1443 354
0 1433 384 1 276 0 1433 384
0 1118 1286 1 72 0 1118 1286
0 1510 163 1 805 0 1510 163
0 961 1736 1 615 0 961 1736
0 1502 186 1 1083 0 1502 186
0 1253 900 1 895 0 1253 900
0 963 1729 1 72 0 963 1729
0 1378 540 1 1165 0 1378 540
0 1534 95 1 236 0 1534 95
0 1174 1125 1 417 0 1174 1125
0 1113 1300 1 283 0 1113 1300
0 1372 559 1 714 0 1372 559
0 955 1752 1 297 0 955 1752
0 1501 188 1 1192 0 1501 188
-1
11 13
0 0 0 0
0 0 0 0
0 0 0 0
0 0 0 0
0 0 0 0
0 0 0 0
0 0 0 0
0 0 0 0
0 0 0 0
0 0 0 0
0 0 0 0
0 0 0 0
0 0 0 0
-1
24 11
0 0 0 0
0 0 0 0
0 0 0 0
0 0 0 0
0 0 0 0
0 0 0 0
0 0 0 0
0 0 0 0
0 0 0 0
0 0 0 0
0 0 0 0
-1
34 17
0 0 0 0
0 0 0 0
0 0 0 0
0 0 0 0
0 0 0 0
0 0 0 0
0 0 0 0
0 0 0 0
0 0 0 0
0 0 0 0
0 0 0 0
0 0 0 0
0 0 0 0
0 0 0 0
0 0 0 0
0 0 0 0
0 0 0 0
-1
7 54
0 1258 968 1 383 0 1258 968
0 1216 1088 1 383 0 1216 1088
0 1535 175 1 76 0 1535 175
0 1407 543 1 764 0 1407 543
0 1432 470 1 878 0 1432 470
0 1368 654 1 786 0 1368 654
0 1272 929 1 378 0 1272 929
0 1251 988 1 939 0 1251 988
0 717 2518 1 477 0 717 2518
0 1589 20 1 801 0 1589 20
0 1310 820 1 326 0 1310 820
0 1496 288 1 225 0 1496 288
0 1173 1213 1 786 0 1173 1213
0 1366 659 1 461 0 1366 659
0 1206 1118 1 330 0 1206 1118
0 1221 1075 1 468 0 1221 1075
0 1355 690 1 1112 0 1355 690
0 1207 1115 1 476 0 1207 1115
0 1441 445 1 391 0 1441 445
0 1036 1604 1 1112 0 1036 1604
0 1351 702 1 469 0 1351 702
0 1409 536 1 284 0 1409 536
0 1526 202 1 846 0 1526 202
0 1331 759 1 592 0 1331 759
0 1493 295 1 437 0 1493 295
0 863 2100 1 469 0 863 2100
0 1485 318 1 284 0 1485 318
0 998 1713 1 609 0 998 1713
0 1206 1118 1 1169 0 1206 1118
0 834 2184 1 786 0 834 2184
0 1375 634 1 461 0 1375 634
0 1148 1284 1 240 0 1148 1284
0 1576 59 1 365 0 1576 59
0 1468 368 1 785 0 1468 368
0 1418 511 1 241 0 1418 511
0 1482 327 1 799 0 1482 327
0 1254 979 1 609 0 1254 979
0 1225 1063 1 433 0 1225 1063
0 967 1802 1 306 0 967 1802
0 1150 1279 1 578 0 1150 1279
0 1220 1077 1 539 0 1220 1077
0 1499 279 1 1030 0 1499 279
0 872 2075 1 800 0 872 2075
0 1586 29 1 752 0 1586 29
0 1308 825 1 391 0 1308 825
0 1531 186 1 225 0 1531 186
0 1297 856 1 863 0 1297 856
0 1503 268 1 918 0 1503 268
0 1146 1290 1 979 0 1146 1290
0 1487 313 1 168 0 1487 313
0 1347 713 1 516 0 1347 713
0 1327 770 1 17 0 1327 770
0 1256 975 1 979 0 1256 975
0 1274 922 1 781 0 1274 922
-1
29 18
0 2003 765 1 264 0 2003 765
0 2059 604 1 13 0 2059 604
0 2195 215 1 538 0 2195 215
0 2095 502 1 256 0 2095 502
0 2066 584 1 505 0 2066 584
0 1653 1768 1 876 0 1653 1768
0 2047 638 1 86 0 2047 638
0 2044 647 1 650 0 2044 647
0 2146 356 1 35 0 2146 356
0 1892 1084 1 449 0 1892 1084
0 2042 654 1 10 0 2042 654
0 1889 1090 1 970 0 1889 1090
0 2192 225 1 1043 0 2192 225
0 2023 709 1 1110 0 2023 709
0 2218 150 1 688 0 2218 150
0 2243 77 1 650 0 2243 77
0 2056 613 1 521 0 2056 613
0 2160 315 1 1102 0 2160 315
-1
28 17
0 0 0 0
0 0 0 0
0 0 0 0
0 0 0 0
0 0 0 0
0 0 0 0
0 0 0 0
0 0 0 0
0 0 0 0
0 0 0 0
0 0 0 0
0 0 0 0
0 0 0 0
0 0 0 0
0 0 0 0
0 0 0 0
0 0 0 0
-1
10 14
0 0 0 0
0 0 0 0
0 0 0 0
0 0 0 0
0 0 0 0
0 0 0 0
0 0 0 0
0 0 0 0
0 0 0 0
0 0 0 0
0 0 0 0
0 0 0 0
0 0 0 0
0 1182 2 1 1163 0 1182 2
-1
3 13
0 0 0 0
0 0 0 0
0 1990 500 1 77 0 1990 500
0 0 0 0
0 0 0 0
0 0 0 0
0 0 0 0
0 0 0 0
0 0 0 0
0 0 0 0
0 2136 81 1 558 0 2136 81
0 0 0 0
0 2091 211 1 550 0 2091 211
-1
20 14
0 0 0 0
0 0 0 0
0 0 0 0
0 0 0 0
0 0 0 0
0 0 0 0
0 0 0 0
0 0 0 0
0 0 0 0
0 0 0 0
0 0 0 0
0 0 0 0
0 0 0 0
0 0 0 0
-1
21 17
0 0 0 0
0 0 0 0
0 0 0 0
0 0 0 0
0 0 0 0
0 0 0 0
0 0 0 0
0 0 0 0
0 0 0 0
0 0 0 0
0 0 0 0
0 0 0 0
0 0 0 0
0 0 0 0
0 0 0 0
0 0 0 0
0 0 0 0
-1
4 49
0 1574 127 1 580 0 1574 127
0 1508 315 1 544 0 1508 315
0 1097 1493 1 774 0 1097 1493
0 1577 120 2 833 0 1577 118 550 0 0 2
0 1139 1372 1 402 0 1139 1372
0 1463 445 1 316 0 1463 445
0 1446 495 1 818 0 1446 495
0 1550 197 1 533 0 1550 197
0 938 1950 1 777 0 938 1950
0 1578 115 1 754 0 1578 115
0 1329 829 1 219 0 1329 829
0 1361 738 1 26 0 1361 738
0 1605 38 1 202 0 1605 38
0 944 1931 1 491 0 944 1931
0 1598 59 1 438 0 1598 59
0 1558 174 2 768 0 0 2 124 0 1558 172
0 1171 1281 1 192 0 1171 1281
0 1487 377 1 985 0 1487 377
0 1132 1393 1 181 0 1132 1393
0 1331 822 1 349 0 1331 822
0 1524 270 1 149 0 1524 270
0 1255 1040 1 711 0 1255 1040
0 1361 738 1 1116 0 1361 738
0 1265 1013 1 287 0 1265 1013
0 1512 306 2 952 0 0 2 518 0 1512 304
0 1582 104 1 830 0 1582 104
0 1356 752 1 170 0 1356 752
0 1486 381 2 475 0 1 0 20 0 1485 381
0 1393 645 1 684 0 1393 645
0 1406 609 1 1166 0 1406 609
0 1423 561 1 711 0 1423 561
0 1351 767 2 717 0 0 2 15 0 1351 765
0 1575 125 1 948 0 1575 125
0 1263 1018 1 491 0 1263 1018
0 1414 586 1 1000 0 1414 586
0 1563 159 1 788 0 1563 159
0 1553 188 1 450 0 1553 188
0 1321 852 1 63 0 1321 852
0 1403 618 1 594 0 1403 618
0 1026 1697 1 774 0 1026 1697
0 1596 65 1 481 0 1596 65
0 1596 65 1 610 0 1596 65
0 1509 315 2 15 0 1508 315 914 0 1 0
0 1529 256 1 419 0 1529 256
0 1326 838 1 139 0 1326 838
0 1336 809 1 780 0 1336 809
0 1588 88 1 3 0 1588 88
0 1203 1190 1 1166 0 1203 1190
0 1033 1677 1 3 0 1033 1677
-1
32 62
0 2048 713 1 158 0 2048 713
0 1929 1054 1 1009 0 1929 1054
0 2107 545 1 1195 0 2107 545
0 1037 3609 1 1147 0 1037 3609
0 1632 1904 1 1055 0 1632 1904
0 2134 468 1 524 0 2134 468
0 1538 2175 1 1182 0 1538 2175
0 1640 1881 1 250 0 1640 1881
0 1998 856 1 740 0 1998 856
0 2198 284 1 583 0 2198 284
0 1074 3502 1 792 0 1074 3502
0 1890 1165 1 890 0 1890 1165
0 2244 152 1 126 0 2244 152
0 2219 225 1 1103 0 2219 225
0 1976 920 1 835 0 1976 920
0 2227 200 1 456 0 2227 200
0 2201 275 1 862 0 2201 275
0 1765 1525 1 281 0 1765 1525
0 2201 275 1 702 0 2201 275
0 2073 643 1 400 0 2073 643
0 1783 1472 1 822 0 1783 1472
0 2130 479 1 322 0 2130 479
0 1344 2729 1 843 0 1344 2729
0 1773 1502 1 902 0 1773 1502
0 1108 3404 1 792 0 1108 3404
0 1827 1345 1 637 0 1827 1345
0 2012 815 1 1031 0 2012 815
0 2240 165 2 745 0 1 0 1178 0 2239 165
0 1498 2288 1 439 0 1498 2288
0 2115 522 1 782 0 2115 522
0 901 3997 1 829 0 901 3997
0 1820 1365 1 931 0 1820 1365
0 2064 668 1 372 0 2064 668
0 1763 1529 1 603 0 1763 1529
0 1949 997 1 353 0 1949 997
0 2283 40 1 460 0 2283 40
0 2273 70 1 362 0 2273 70
0 2119 511 1 1152 0 2119 511
0 883 4050 1 348 0 883 4050
0 2148 427 1 311 0 2148 427
0 2194 295 1 930 0 2194 295
0 2015 809 1 1046 0 2015 809
0 2084 611 1 311 0 2084 611
0 2148 427 1 829 0 2148 427
0 1875 1209 1 618 0 1875 1209
0 1960 965 1 553 0 1960 965
0 1187 3179 1 798 0 1187 3179
0 1259 2972 1 865 0 1259 2972
0 2062 672 1 1031 0 2062 672
0 1879 1197 1 40 0 1879 1197
0 2091 590 1 844 0 2091 590
0 1512 2247 1 1092 0 1512 2247
0 2282 43 1 862 0 2282 43
0 1840 1309 1 696 0 1840 1309
0 1660 1825 1 1059 0 1660 1825
0 2097 572 1 126 0 2097 572
0 2041 734 1 1184 0 2041 734
0 2278 54 1 551 0 2278 54
0 973 3793 1 214 0 973 3793
0 1983 900 1 690 0 1983 900
0 2138 456 1 1131 0 2138 456
0 1961 963 1 933 0 1961 963
-1
39 16
0 0 0 0
0 0 0 0
0 0 0 0
0 0 0 0
0 0 0 0
0 0 0 0
0 0 0 0
0 0 0 0
0 0 0 0
0 0 0 0
0 0 0 0
0 0 0 0
0 0 0 0
0 0 0 0
0 0 0 0
0 0 0 0
-1
30 66
0 1503 1943 1 669 0 1503 1943
0 1661 1490 1 879 0 1661 1490
0 2127 156 2 102 0 0 2 628 0 2127 154
0 2102 227 1 102 0 2102 227
0 1122 3034 1 1079 0 1122 3034
0 1749 1238 1 355 0 1749 1238
0 1805 1077 1 22 0 1805 1077
0 2030 434 1 906 0 2030 434
0 2138 125 1 612 0 2138 125
0 1702 1372 1 36 0 1702 1372
0 1796 1104 1 1070 0 1796 1104
0 1555 1793 1 975 0 1555 1793
0 1340 2409 1 535 0 1340 2409
0 1870 892 2 447 0 0 2 41 0 1870 890
0 1419 2184 1 327 0 1419 2184
0 1393 2258 2 813 0 1393 2256 161 0 0 2
0 2047 384 1 804 0 2047 384
0 1913 768 1 495 0 1913 768
0 1697 1386 1 195 0 1697 1386
0 1762 1200 1 951 0 1762 1200
0 1327 2445 1 719 0 1327 2445
0 1989 550 1 870 0 1989 550
0 1769 1181 1 1181 0 1769 1181
0 1619 1611 1 856 0 1619 1611
0 1165 2911 1 1161 0 1165 2911
0 1696 1390 1 247 0 1696 1390
0 2178 9 1 733 0 2178 9
0 1672 1459 1 999 0 1672 1459
0 1818 1040 1 733 0 1818 1040
0 1764 1195 1 204 0 1764 1195
0 1519 1897 1 1151 0 1519 1897
0 1534 1854 1 709 0 1534 1854
0 1933 711 1 120 0 1933 711
0 1990 547 1 1018 0 1990 547
0 2135 131 1 209 0 2135 131
0 1580 1722 1 1171 0 1580 1722
0 1877 870 1 482 0 1877 870
0 1567 1759 1 482 0 1567 1759
0 1908 781 1 217 0 1908 781
0 1835 992 2 110 0 1835 990 447 0 0 2
0 0 0 0
0 1329 2440 1 1173 0 1329 2440
0 1987 556 1 277 0 1987 556
0 2075 304 1 239 0 2075 304
0 1671 1461 1 187 0 1671 1461
0 1461 2063 1 234 0 1461 2063
0 2087 270 1 1188 0 2087 270
0 2099 236 1 723 0 2099 236
0 1825 1020 1 590 0 1825 1020
0 1803 1084 1 803 0 1803 1084
0 961 3495 1 635 0 961 3495
0 1177 2875 1 154 0 1177 2875
0 1635 1563 1 179 0 1635 1563
0 1985 561 1 336 0 1985 561
0 2132 140 1 941 0 2132 140
0 1870 890 1 901 0 1870 890
0 1507 1931 1 924 0 1507 1931
0 1904 795 2 18 0 1904 793 593 0 0 2
0 1749 1238 1 445 0 1749 1238
0 1897 813 1 117 0 1897 813
0 1999 522 1 1052 0 1999 522
0 1689 1409 1 189 0 1689 1409
0 1584 1711 1 401 0 1584 1711
0 1719 1325 1 146 0 1719 1325
0 1934 709 1 896 0 1934 709
0 1563 1770 1 1171 0 1563 1770
-1
2 13
0 0 0 0
0 0 0 0
0 0 0 0
0 0 0 0
0 0 0 0
0 0 0 0
0 0 0 0
0 0 0 0
0 0 0 0
0 0 0 0
0 0 0 0
0 0 0 0
0 0 0 0
-1
