2 30
0 0 0 0
0 0 0 0
0 0 0 0
0 0 0 0
0 154 124 1 6 0 154 124
0 0 0 0
0 107 594 1 7 0 107 594
0 0 0 0
0 162 44 1 6 0 162 44
0 0 0 0
0 74 924 1 1 0 74 924
0 72 944 1 9 0 72 944
0 0 0 0
0 0 0 0
0 0 0 0
0 146 204 1 6 0 146 204
0 160 64 1 4 0 160 64
0 0 0 0
0 0 0 0
0 153 134 1 7 0 153 134
0 0 0 0
0 0 0 0
0 139 274 1 9 0 139 274
0 112 544 1 7 0 112 544
0 0 0 0
0 124 424 1 9 0 124 424
0 158 84 1 9 0 158 84
0 165 14 1 9 0 165 14
0 95 714 1 9 0 95 714
0 121 454 1 9 0 121 454
-1
4 31
0 138 144 1 9 0 138 144
0 0 0 0
0 131 214 1 6 0 131 214
0 117 354 1 9 0 117 354
0 0 0 0
0 0 0 0
0 148 44 1 7 0 148 44
0 0 0 0
0 0 0 0
0 0 0 0
0 0 0 0
0 95 574 1 9 0 95 574
0 0 0 0
0 88 644 1 9 0 88 644
0 112 404 1 9 0 112 404
0 0 0 0
0 0 0 0
0 134 184 1 9 0 134 184
0 0 0 0
0 134 184 1 2 0 134 184
0 0 0 0
0 145 74 1 9 0 145 74
0 145 74 1 7 0 145 74
0 0 0 0
0 85 674 1 2 0 85 674
0 131 214 1 9 0 131 214
0 95 574 1 9 0 95 574
0 0 0 0
0 0 0 0
0 141 114 1 2 0 141 114
0 98 544 1 6 0 98 544
-1
5 24
0 200 496 1 4 0 200 496
0 0 0 0
0 0 0 0
0 211 386 1 5 0 211 386
0 0 0 0
0 243 66 1 1 0 243 66
0 0 0 0
0 240 96 1 9 0 240 96
0 0 0 0
0 0 0 0
0 248 16 1 4 0 248 16
0 0 0 0
0 0 0 0
0 0 0 0
0 97 1526 1 7 0 97 1526
0 176 736 1 9 0 176 736
0 231 186 1 9 0 231 186
0 214 356 1 7 0 214 356
0 163 866 1 2 0 163 866
0 237 126 1 6 0 237 126
0 145 1046 1 9 0 145 1046
0 196 536 1 9 0 196 536
0 0 0 0
0 198 516 1 6 0 198 516
-1
1 30
0 0 0 0
0 0 0 0
0 0 0 0
0 100 494 1 9 0 100 494
0 0 0 0
0 147 24 1 7 0 147 24
0 0 0 0
0 129 204 1 6 0 129 204
0 0 0 0
0 0 0 0
0 147 24 1 9 0 147 24
0 136 134 1 6 0 136 134
0 0 0 0
0 0 0 0
0 85 644 1 9 0 85 644
0 113 364 1 9 0 113 364
0 82 674 1 1 0 82 674
0 121 284 1 9 0 121 284
0 92 574 1 6 0 92 574
0 90 594 1 9 0 90 594
0 0 0 0
0 0 0 0
0 0 0 0
0 96 534 1 9 0 96 534
0 133 164 1 7 0 133 164
0 0 0 0
0 124 254 1 9 0 124 254
0 0 0 0
0 140 94 1 6 0 140 94
0 54 954 1 9 0 54 954
-1
3 25
0 221 126 1 2 0 221 126
0 187 466 1 9 0 187 466
0 171 626 1 9 0 171 626
0 181 526 1 4 0 181 526
0 117 1166 1 6 0 117 1166
0 0 0 0
0 0 0 0
0 134 996 1 6 0 134 996
0 200 336 1 9 0 200 336
0 0 0 0
0 0 0 0
0 0 0 0
0 210 236 1 9 0 210 236
0 174 596 1 2 0 174 596
0 0 0 0
0 0 0 0
0 190 436 1 6 0 190 436
0 0 0 0
0 233 6 1 7 0 233 6
0 189 446 1 3 0 189 446
0 206 276 1 2 0 206 276
0 0 0 0
0 178 556 1 9 0 178 556
0 0 0 0
0 0 0 0
-1
