10 26
0 189 396 1 47 0 189 396
0 224 46 1 297 0 224 46
0 114 1146 1 991 0 114 1146
0 148 806 1 106 0 148 806
0 195 336 1 106 0 195 336
0 208 206 1 304 0 208 206
0 173 556 1 251 0 173 556
0 195 336 1 689 0 195 336
0 191 376 1 58 0 191 376
0 210 186 1 552 0 210 186
0 113 1156 1 250 0 113 1156
0 168 606 1 242 0 168 606
0 156 726 1 115 0 156 726
0 111 1176 1 1108 0 111 1176
0 139 896 1 1020 0 139 896
0 103 1256 1 98 0 103 1256
0 169 596 1 1142 0 169 596
0 201 276 1 1026 0 201 276
0 136 926 1 317 0 136 926
0 151 776 1 811 0 151 776
0 170 586 1 57 0 170 586
0 80 1486 1 930 0 80 1486
0 89 1396 1 88 0 89 1396
0 155 736 1 826 0 155 736
0 166 626 1 901 0 166 626
0 218 106 1 826 0 218 106
-1
12 20
0 203 98 1 636 0 203 98
0 120 928 1 435 0 120 928
0 109 1038 1 992 0 109 1038
0 165 478 1 711 0 165 478
0 125 878 1 92 0 125 878
0 105 1078 1 1096 0 105 1078
0 115 978 1 102 0 115 978
0 138 748 1 6 0 138 748
0 179 338 1 494 0 179 338
0 164 488 1 601 0 164 488
0 196 168 1 103 0 196 168
0 177 358 1 739 0 177 358
0 169 438 1 340 0 169 438
0 193 198 1 15 0 193 198
0 93 1198 1 61 0 93 1198
0 152 608 1 600 0 152 608
0 184 288 1 924 0 184 288
0 87 1258 1 1158 0 87 1258
0 119 938 1 708 0 119 938
0 127 858 1 990 0 127 858
-1
14 20
0 76 950 1 671 0 76 950
0 169 20 1 636 0 169 20
0 137 340 1 632 0 137 340
0 57 1140 1 627 0 57 1140
0 113 580 1 466 0 113 580
0 162 90 1 195 0 162 90
0 78 930 1 446 0 78 930
0 63 1080 1 923 0 63 1080
0 147 240 1 122 0 147 240
0 133 380 1 870 0 133 380
0 104 670 1 636 0 104 670
0 62 1090 1 577 0 62 1090
0 88 830 1 901 0 88 830
0 80 910 1 549 0 80 910
0 119 520 1 1156 0 119 520
0 142 290 1 567 0 142 290
0 112 590 1 1110 0 112 590
0 77 940 1 155 0 77 940
0 63 1080 1 572 0 63 1080
0 148 230 1 826 0 148 230
-1
15 16
0 187 774 1 519 0 187 774
0 256 84 1 423 0 256 84
0 152 1124 1 559 0 152 1124
0 257 74 1 890 0 257 74
0 171 934 1 1044 0 171 934
0 242 224 1 22 0 242 224
0 167 974 1 957 0 167 974
0 163 1014 1 425 0 163 1014
0 262 24 1 218 0 262 24
0 258 64 1 1039 0 258 64
0 189 754 1 718 0 189 754
0 135 1294 1 423 0 135 1294
0 166 984 1 93 0 166 984
0 145 1194 1 553 0 145 1194
0 240 244 1 643 0 240 244
0 243 214 1 826 0 243 214
-1
19 21
0 138 294 1 990 0 138 294
0 82 854 1 206 0 82 854
0 86 814 1 632 0 86 814
0 65 1024 1 822 0 65 1024
0 84 834 1 640 0 84 834
0 139 284 1 274 0 139 284
0 98 694 1 643 0 98 694
0 62 1054 1 151 0 62 1054
0 115 524 1 904 0 115 524
0 132 354 1 726 0 132 354
0 165 24 1 437 0 165 24
0 150 174 1 106 0 150 174
0 134 334 1 901 0 134 334
0 155 124 1 386 0 155 124
0 62 1054 1 500 0 62 1054
0 166 14 1 1076 0 166 14
0 115 524 1 1143 0 115 524
0 126 414 1 577 0 126 414
0 125 424 1 796 0 125 424
0 107 604 1 1076 0 107 604
0 111 564 1 756 0 111 564
-1
32 20
0 153 378 1 405 0 153 378
0 107 838 1 1190 0 107 838
0 150 408 1 373 0 150 408
0 74 1168 1 14 0 74 1168
0 182 88 1 1095 0 182 88
0 163 278 1 861 0 163 278
0 89 1018 1 696 0 89 1018
0 88 1028 1 425 0 88 1028
0 146 448 1 1008 0 146 448
0 70 1208 1 98 0 70 1208
0 88 1028 1 1184 0 88 1028
0 161 298 1 889 0 161 298
0 185 58 1 467 0 185 58
0 121 698 1 1102 0 121 698
0 120 708 1 322 0 120 708
0 142 488 1 65 0 142 488
0 155 358 1 209 0 155 358
0 187 38 1 1073 0 187 38
0 172 188 1 58 0 172 188
0 176 148 1 1156 0 176 148
-1
34 20
0 285 106 1 117 0 285 106
0 230 656 1 1092 0 230 656
0 274 216 1 964 0 274 216
0 243 526 1 933 0 243 526
0 173 1226 1 290 0 173 1226
0 262 336 1 762 0 262 336
0 194 1016 1 190 0 194 1016
0 151 1446 1 811 0 151 1446
0 183 1126 1 256 0 183 1126
0 162 1336 1 413 0 162 1336
0 200 956 1 1050 0 200 956
0 137 1586 1 373 0 137 1586
0 173 1226 1 1158 0 173 1226
0 120 1756 1 548 0 120 1756
0 203 926 1 1073 0 203 926
0 101 1946 1 1033 0 101 1946
0 291 46 1 414 0 291 46
0 123 1726 1 771 0 123 1726
0 265 306 1 714 0 265 306
0 210 856 1 1142 0 210 856
-1
35 20
0 68 554 1 260 0 68 554
0 90 334 1 870 0 90 334
0 61 624 1 827 0 61 624
0 123 4 1 738 0 123 4
0 91 324 1 1093 0 91 324
0 47 764 1 123 0 47 764
0 97 264 1 128 0 97 264
0 73 504 1 826 0 73 504
0 79 444 1 388 0 79 444
0 103 204 1 952 0 103 204
0 94 294 1 321 0 94 294
0 65 584 1 1131 0 65 584
0 58 654 1 1175 0 58 654
0 119 44 1 448 0 119 44
0 46 774 1 1169 0 46 774
0 74 494 1 514 0 74 494
0 54 694 1 494 0 54 694
0 52 714 1 127 0 52 714
0 106 174 1 745 0 106 174
0 113 104 1 744 0 113 104
-1
39 18
0 120 1012 1 64 0 120 1012
0 215 62 1 889 0 215 62
0 210 112 1 996 0 210 112
0 187 342 1 1084 0 187 342
0 88 1332 1 802 0 88 1332
0 200 212 1 981 0 200 212
0 170 512 1 257 0 170 512
0 75 1462 1 990 0 75 1462
0 204 172 1 249 0 204 172
0 162 592 1 1102 0 162 592
0 186 352 1 1009 0 186 352
0 105 1162 1 494 0 105 1162
0 189 322 1 889 0 189 322
0 173 482 1 1183 0 173 482
0 221 2 1 745 0 221 2
0 119 1022 1 106 0 119 1022
0 155 662 1 1076 0 155 662
0 122 992 1 826 0 122 992
-1
40 20
0 156 276 1 1152 0 156 276
0 154 296 1 428 0 154 296
0 162 216 1 46 0 162 216
0 69 1146 1 668 0 69 1146
0 181 26 1 1033 0 181 26
0 112 716 1 1040 0 112 716
0 157 266 1 425 0 157 266
0 176 76 1 1039 0 176 76
0 173 106 1 52 0 173 106
0 147 366 1 636 0 147 366
0 133 506 1 750 0 133 506
0 142 416 1 1096 0 142 416
0 111 726 1 106 0 111 726
0 117 666 1 643 0 117 666
0 173 106 1 150 0 173 106
0 90 936 1 866 0 90 936
0 73 1106 1 630 0 73 1106
0 83 1006 1 826 0 83 1006
0 171 126 1 1110 0 171 126
0 102 816 1 71 0 102 816
-1
2 21
0 101 24 1 867 0 101 24
0 76 274 1 1169 0 76 274
0 67 364 1 982 0 67 364
0 56 474 1 853 0 56 474
0 101 24 1 119 0 101 24
0 74 294 1 209 0 74 294
0 96 74 1 852 0 96 74
0 48 554 1 766 0 48 554
0 61 424 1 626 0 61 424
0 47 564 1 31 0 47 564
0 61 424 1 313 0 61 424
0 103 4 1 1096 0 103 4
0 37 664 1 1033 0 37 664
0 38 654 1 140 0 38 654
0 65 384 1 726 0 65 384
0 88 154 1 218 0 88 154
0 35 684 1 296 0 35 684
0 42 614 1 458 0 42 614
0 97 64 1 826 0 97 64
0 65 384 1 178 0 65 384
0 56 474 1 826 0 56 474
-1
30 20
0 149 1330 1 854 0 149 1330
0 211 710 1 373 0 211 710
0 247 350 1 560 0 247 350
0 227 550 1 150 0 227 550
0 229 530 1 433 0 229 530
0 163 1190 1 1073 0 163 1190
0 128 1540 1 178 0 128 1540
0 125 1570 1 415 0 125 1570
0 182 1000 1 952 0 182 1000
0 244 380 1 500 0 244 380
0 233 490 1 840 0 233 490
0 215 670 1 797 0 215 670
0 164 1180 1 392 0 164 1180
0 259 230 1 1020 0 259 230
0 134 1480 1 605 0 134 1480
0 279 30 1 362 0 279 30
0 165 1170 1 410 0 165 1170
0 155 1270 1 1076 0 155 1270
0 97 1850 1 826 0 97 1850
0 233 490 1 826 0 233 490
-1
26 22
0 86 718 1 1017 0 86 718
0 145 128 1 601 0 145 128
0 102 558 1 1105 0 102 558
0 113 448 1 625 0 113 448
0 135 228 1 1037 0 135 228
0 95 628 1 841 0 95 628
0 90 678 1 952 0 90 678
0 128 298 1 264 0 128 298
0 108 498 1 83 0 108 498
0 145 128 1 98 0 145 128
0 74 838 1 901 0 74 838
0 132 258 1 708 0 132 258
0 139 188 1 412 0 139 188
0 144 138 1 59 0 144 138
0 146 118 1 98 0 146 118
0 114 438 1 1044 0 114 438
0 111 468 1 1032 0 111 468
0 93 648 1 127 0 93 648
0 107 508 1 463 0 107 508
0 86 718 1 145 0 86 718
0 124 338 1 901 0 124 338
0 65 928 1 826 0 65 928
-1
31 22
0 215 88 1 626 0 215 88
0 222 18 1 679 0 222 18
0 181 428 1 1110 0 181 428
0 176 478 1 34 0 176 478
0 189 348 1 1035 0 189 348
0 146 778 1 1083 0 146 778
0 205 188 1 435 0 205 188
0 175 488 1 696 0 175 488
0 196 278 1 547 0 196 278
0 139 848 1 1044 0 139 848
0 74 1498 1 439 0 74 1498
0 217 68 1 333 0 217 68
0 98 1258 1 350 0 98 1258
0 146 778 1 62 0 146 778
0 210 138 1 1044 0 210 138
0 159 648 1 839 0 159 648
0 123 1008 1 469 0 123 1008
0 164 598 1 294 0 164 598
0 137 868 1 745 0 137 868
0 101 1228 1 317 0 101 1228
0 153 708 1 267 0 153 708
0 141 828 1 826 0 141 828
-1
22 20
0 106 508 1 424 0 106 508
0 121 358 1 811 0 121 358
0 100 568 1 1002 0 100 568
0 91 658 1 1112 0 91 658
0 135 218 1 1158 0 135 218
0 116 408 1 826 0 116 408
0 81 758 1 826 0 81 758
0 52 1048 1 17 0 52 1048
0 110 468 1 564 0 110 468
0 138 188 1 365 0 138 188
0 143 138 1 300 0 143 138
0 72 848 1 896 0 72 848
0 64 928 1 645 0 64 928
0 127 298 1 40 0 127 298
0 119 378 1 287 0 119 378
0 120 368 1 130 0 120 368
0 108 488 1 178 0 108 488
0 144 128 1 924 0 144 128
0 81 758 1 826 0 81 758
0 78 788 1 826 0 78 788
-1
5 22
0 166 228 1 729 0 166 228
0 154 348 1 862 0 154 348
0 168 208 1 1183 0 168 208
0 118 708 1 548 0 118 708
0 132 568 1 862 0 132 568
0 89 998 1 469 0 89 998
0 144 448 1 1096 0 144 448
0 162 268 1 37 0 162 268
0 136 528 1 1026 0 136 528
0 161 278 1 145 0 161 278
0 158 308 1 1184 0 158 308
0 174 148 1 145 0 174 148
0 130 588 1 106 0 130 588
0 177 118 1 905 0 177 118
0 174 148 1 47 0 174 148
0 68 1208 1 1044 0 68 1208
0 104 848 1 15 0 104 848
0 160 288 1 599 0 160 288
0 135 538 1 1068 0 135 538
0 166 228 1 103 0 166 228
0 188 8 1 756 0 188 8
0 178 108 1 826 0 178 108
-1
3 19
0 42 638 1 662 0 42 638
0 68 378 1 1184 0 68 378
0 68 378 1 905 0 68 378
0 98 78 1 941 0 98 78
0 90 158 1 172 0 90 158
0 74 318 1 677 0 74 318
0 64 418 1 862 0 64 418
0 58 478 1 854 0 58 478
0 64 418 1 83 0 64 418
0 80 258 1 714 0 80 258
0 68 378 1 59 0 68 378
0 94 118 1 919 0 94 118
0 64 418 1 901 0 64 418
0 97 88 1 358 0 97 88
0 53 528 1 1136 0 53 528
0 94 118 1 103 0 94 118
0 98 78 1 385 0 98 78
0 36 698 1 1093 0 36 698
0 70 358 1 106 0 70 358
-1
16 23
0 242 336 1 865 0 242 336
0 265 106 1 640 0 265 106
0 246 296 1 159 0 246 296
0 137 1386 1 689 0 137 1386
0 155 1206 1 285 0 155 1206
0 134 1416 1 955 0 134 1416
0 150 1256 1 357 0 150 1256
0 244 316 1 952 0 244 316
0 130 1456 1 984 0 130 1456
0 109 1666 1 1151 0 109 1666
0 175 1006 1 1135 0 175 1006
0 244 316 1 567 0 244 316
0 166 1096 1 720 0 166 1096
0 113 1626 1 1102 0 113 1626
0 259 166 1 128 0 259 166
0 149 1266 1 720 0 149 1266
0 256 196 1 17 0 256 196
0 236 396 1 744 0 236 396
0 208 676 1 268 0 208 676
0 225 506 1 1083 0 225 506
0 156 1196 1 826 0 156 1196
0 241 346 1 744 0 241 346
0 96 1796 1 826 0 96 1796
-1
11 20
0 179 410 1 8 0 179 410
0 113 1070 1 55 0 113 1070
0 121 990 1 714 0 121 990
0 161 590 1 577 0 161 590
0 192 280 1 256 0 192 280
0 138 820 1 447 0 138 820
0 115 1050 1 901 0 115 1050
0 194 260 1 720 0 194 260
0 206 140 1 1172 0 206 140
0 170 500 1 23 0 170 500
0 84 1360 1 756 0 84 1360
0 158 620 1 705 0 158 620
0 77 1430 1 618 0 77 1430
0 176 440 1 329 0 176 440
0 123 970 1 209 0 123 970
0 194 260 1 1060 0 194 260
0 193 270 1 771 0 193 270
0 171 490 1 976 0 171 490
0 76 1440 1 445 0 76 1440
0 77 1430 1 1102 0 77 1430
-1
13 18
0 91 624 1 629 0 91 624
0 64 894 1 786 0 64 894
0 151 24 1 1110 0 151 24
0 91 624 1 351 0 91 624
0 134 194 1 199 0 134 194
0 119 344 1 1064 0 119 344
0 124 294 1 445 0 124 294
0 79 744 1 1125 0 79 744
0 67 864 1 614 0 67 864
0 90 634 1 1076 0 90 634
0 86 674 1 1050 0 86 674
0 108 454 1 1077 0 108 454
0 120 334 1 994 0 120 334
0 104 494 1 839 0 104 494
0 70 834 1 97 0 70 834
0 121 324 1 552 0 121 324
0 131 224 1 744 0 131 224
0 86 674 1 1076 0 86 674
-1
8 21
0 99 442 1 610 0 99 442
0 105 382 1 125 0 105 382
0 100 432 1 968 0 100 432
0 106 372 1 514 0 106 372
0 60 832 1 826 0 60 832
0 65 782 1 1064 0 65 782
0 128 152 1 159 0 128 152
0 83 602 1 506 0 83 602
0 64 792 1 62 0 64 792
0 134 92 1 1158 0 134 92
0 104 392 1 285 0 104 392
0 93 502 1 826 0 93 502
0 132 112 1 708 0 132 112
0 125 182 1 429 0 125 182
0 92 512 1 278 0 92 512
0 111 322 1 724 0 111 322
0 125 182 1 1158 0 125 182
0 119 242 1 72 0 119 242
0 141 22 1 826 0 141 22
0 60 832 1 451 0 60 832
0 103 402 1 1012 0 103 402
-1
7 20
0 197 26 1 1135 0 197 26
0 100 996 1 207 0 100 996
0 132 676 1 652 0 132 676
0 198 16 1 1080 0 198 16
0 191 86 1 239 0 191 86
0 130 696 1 572 0 130 696
0 119 806 1 965 0 119 806
0 174 256 1 952 0 174 256
0 133 666 1 220 0 133 666
0 118 816 1 534 0 118 816
0 111 886 1 1026 0 111 886
0 132 676 1 771 0 132 676
0 144 556 1 984 0 144 556
0 81 1186 1 567 0 81 1186
0 139 606 1 740 0 139 606
0 171 286 1 459 0 171 286
0 71 1286 1 1114 0 71 1286
0 71 1286 1 1020 0 71 1286
0 171 286 1 469 0 171 286
0 179 206 1 31 0 179 206
-1
17 24
0 236 348 1 952 0 236 348
0 198 728 1 1058 0 198 728
0 264 68 1 825 0 264 68
0 236 348 1 754 0 236 348
0 145 1258 1 1156 0 145 1258
0 182 888 1 309 0 182 888
0 173 978 1 1044 0 173 978
0 249 218 1 978 0 249 218
0 118 1528 1 940 0 118 1528
0 256 148 1 727 0 256 148
0 169 1018 1 567 0 169 1018
0 243 278 1 103 0 243 278
0 186 848 1 594 0 186 848
0 251 198 1 909 0 251 198
0 94 1768 1 902 0 94 1768
0 90 1808 1 744 0 90 1808
0 174 968 1 98 0 174 968
0 114 1568 1 525 0 114 1568
0 223 478 2 106 0 223 478 1076 0 0 0
0 148 1228 1 1044 0 148 1228
0 204 668 1 826 0 204 668
0 123 1478 1 990 0 123 1478
0 184 868 1 826 0 184 868
0 176 948 1 826 0 176 948
-1
23 26
0 167 164 1 106 0 167 164
0 139 444 1 1102 0 139 444
0 159 244 1 737 0 159 244
0 140 434 1 1044 0 140 434
0 124 594 1 1074 0 124 594
0 139 444 1 543 0 139 444
0 182 14 1 736 0 182 14
0 119 644 1 708 0 119 644
0 116 674 1 714 0 116 674
0 111 724 1 553 0 111 724
0 102 814 1 416 0 102 814
0 151 324 1 585 0 151 324
0 181 24 1 640 0 181 24
0 136 474 1 231 0 136 474
0 103 804 1 498 0 103 804
0 148 354 1 280 0 148 354
0 124 594 1 14 0 124 594
0 143 404 1 1102 0 143 404
0 101 824 1 953 0 101 824
0 68 1154 1 659 0 68 1154
0 63 1204 1 372 0 63 1204
0 61 1224 1 1050 0 61 1224
0 151 324 1 218 0 151 324
0 115 684 1 178 0 115 684
0 116 674 1 140 0 116 674
0 157 264 1 826 0 157 264
-1
28 18
0 212 462 1 788 0 212 462
0 251 72 1 1147 0 251 72
0 215 432 1 901 0 215 432
0 135 1232 1 369 0 135 1232
0 213 452 1 640 0 213 452
0 253 52 1 556 0 253 52
0 95 1632 1 1102 0 95 1632
0 161 972 1 909 0 161 972
0 227 312 1 717 0 227 312
0 235 232 1 469 0 235 232
0 241 172 1 952 0 241 172
0 101 1572 1 113 0 101 1572
0 121 1372 1 466 0 121 1372
0 231 272 1 659 0 231 272
0 167 912 1 106 0 167 912
0 258 2 1 250 0 258 2
0 242 162 1 502 0 242 162
0 254 42 1 331 0 254 42
-1
9 22
0 88 500 1 280 0 88 500
0 64 740 1 398 0 64 740
0 118 200 1 930 0 118 200
0 127 110 1 987 0 127 110
0 126 120 1 854 0 126 120
0 125 130 1 1020 0 125 130
0 136 20 1 1112 0 136 20
0 100 380 1 1142 0 100 380
0 138 0 1 55 0 138 0
0 135 30 1 693 0 135 30
0 108 300 1 14 0 108 300
0 73 650 1 183 0 73 650
0 100 380 1 518 0 100 380
0 131 70 1 1053 0 131 70
0 97 410 1 192 0 97 410
0 57 810 1 952 0 57 810
0 60 780 1 1077 0 60 780
0 131 70 1 525 0 131 70
0 70 680 1 1020 0 70 680
0 50 880 1 744 0 50 880
0 54 840 1 805 0 54 840
0 63 750 1 826 0 63 750
-1
6 20
0 160 18 1 1033 0 160 18
0 136 258 1 511 0 136 258
0 125 368 1 406 0 125 368
0 157 48 1 752 0 157 48
0 148 138 1 1095 0 148 138
0 125 368 1 730 0 125 368
0 76 858 1 333 0 76 858
0 103 588 1 218 0 103 588
0 77 848 1 284 0 77 848
0 147 148 1 1183 0 147 148
0 88 738 1 1102 0 88 738
0 130 318 1 947 0 130 318
0 91 708 1 140 0 91 708
0 78 838 1 242 0 78 838
0 124 378 1 727 0 124 378
0 152 98 1 1165 0 152 98
0 108 538 1 1020 0 108 538
0 133 288 1 826 0 133 288
0 93 688 1 826 0 93 688
0 104 578 1 826 0 104 578
-1
21 19
0 176 1122 1 478 0 176 1122
0 209 792 1 215 0 209 792
0 158 1302 1 324 0 158 1302
0 219 692 1 238 0 219 692
0 108 1802 1 230 0 108 1802
0 235 532 1 866 0 235 532
0 259 292 1 1042 0 259 292
0 242 462 1 657 0 242 462
0 244 442 1 196 0 244 442
0 241 472 1 498 0 241 472
0 216 722 1 1019 0 216 722
0 271 172 1 253 0 271 172
0 271 172 1 689 0 271 172
0 283 52 1 469 0 283 52
0 136 1522 1 708 0 136 1522
0 106 1822 1 502 0 106 1822
0 221 672 1 280 0 221 672
0 197 912 1 826 0 197 912
0 171 1172 1 826 0 171 1172
-1
33 23
0 68 928 1 870 0 68 928
0 140 208 1 744 0 140 208
0 126 348 1 1139 0 126 348
0 77 838 1 510 0 77 838
0 76 848 1 190 0 76 848
0 157 38 1 312 0 157 38
0 99 618 1 1158 0 99 618
0 128 328 1 826 0 128 328
0 61 998 1 771 0 61 998
0 75 858 1 1156 0 75 858
0 142 188 1 990 0 142 188
0 101 598 1 383 0 101 598
0 140 208 1 242 0 140 208
0 78 828 1 433 0 78 828
0 142 188 1 744 0 142 188
0 75 858 1 320 0 75 858
0 107 538 1 233 0 107 538
0 111 498 1 79 0 111 498
0 103 578 1 1167 0 103 578
0 61 998 1 62 0 61 998
0 130 308 1 207 0 130 308
0 140 208 1 58 0 140 208
0 67 938 1 62 0 67 938
-1
38 20
0 189 594 1 319 0 189 594
0 205 434 1 756 0 205 434
0 235 134 1 528 0 235 134
0 204 444 1 1158 0 204 444
0 241 74 1 341 0 241 74
0 223 254 1 644 0 223 254
0 165 834 1 179 0 165 834
0 219 294 1 502 0 219 294
0 159 894 1 395 0 159 894
0 180 684 1 429 0 180 684
0 176 724 1 502 0 176 724
0 137 1114 1 92 0 137 1114
0 129 1194 1 546 0 129 1194
0 237 114 1 813 0 237 114
0 194 544 1 813 0 194 544
0 109 1394 1 463 0 109 1394
0 177 714 1 267 0 177 714
0 221 274 1 548 0 221 274
0 179 694 1 744 0 179 694
0 231 174 1 826 0 231 174
-1
29 21
0 119 240 1 458 0 119 240
0 50 930 1 352 0 50 930
0 104 390 1 114 0 104 390
0 122 210 1 1110 0 122 210
0 115 280 1 265 0 115 280
0 67 760 1 290 0 67 760
0 127 160 1 1073 0 127 160
0 47 960 1 385 0 47 960
0 142 10 1 109 0 142 10
0 103 400 1 274 0 103 400
0 57 860 1 453 0 57 860
0 136 70 1 643 0 136 70
0 136 70 1 1096 0 136 70
0 121 220 1 568 0 121 220
0 101 420 1 131 0 101 420
0 63 800 1 886 0 63 800
0 61 820 1 231 0 61 820
0 82 610 1 854 0 82 610
0 56 870 1 340 0 56 870
0 60 830 1 278 0 60 830
0 68 750 1 826 0 68 750
-1
37 19
0 204 916 1 13 0 204 916
0 120 1756 1 115 0 120 1756
0 220 756 1 1099 0 220 756
0 215 806 1 1163 0 215 806
0 248 476 1 709 0 248 476
0 219 766 1 714 0 219 766
0 229 666 1 268 0 229 666
0 252 436 1 425 0 252 436
0 233 626 1 198 0 233 626
0 145 1506 1 750 0 145 1506
0 213 826 1 280 0 213 826
0 229 666 1 986 0 229 666
0 184 1116 1 1142 0 184 1116
0 181 1146 1 548 0 181 1146
0 244 516 1 764 0 244 516
0 121 1746 1 365 0 121 1746
0 214 816 1 854 0 214 816
0 103 1926 1 268 0 103 1926
0 177 1186 1 150 0 177 1186
-1
25 17
0 129 640 1 459 0 129 640
0 104 890 1 619 0 104 890
0 109 840 1 834 0 109 840
0 150 430 1 275 0 150 430
0 93 1000 1 1158 0 93 1000
0 75 1180 1 782 0 75 1180
0 160 330 1 1086 0 160 330
0 143 500 1 549 0 143 500
0 115 780 1 731 0 115 780
0 183 100 1 714 0 183 100
0 185 80 1 643 0 185 80
0 138 550 1 220 0 138 550
0 138 550 1 1012 0 138 550
0 130 630 1 1169 0 130 630
0 78 1150 1 44 0 78 1150
0 117 760 1 643 0 117 760
0 136 570 1 1033 0 136 570
-1
4 19
0 151 1168 1 448 0 151 1168
0 99 1688 1 295 0 99 1688
0 201 668 1 1105 0 201 668
0 218 498 1 1164 0 218 498
0 237 308 1 1076 0 237 308
0 261 68 1 618 0 261 68
0 205 628 1 193 0 205 628
0 96 1718 1 570 0 96 1718
0 94 1738 1 1169 0 94 1738
0 97 1708 1 900 0 97 1708
0 243 248 1 588 0 243 248
0 224 438 1 178 0 224 438
0 262 58 1 507 0 262 58
0 256 118 1 1044 0 256 118
0 150 1178 1 47 0 150 1178
0 174 938 1 265 0 174 938
0 202 658 1 582 0 202 658
0 147 1208 1 183 0 147 1208
0 111 1568 1 756 0 111 1568
-1
18 23
0 110 338 1 294 0 110 338
0 100 438 1 802 0 100 438
0 84 598 1 924 0 84 598
0 93 508 1 1032 0 93 508
0 111 328 1 106 0 111 328
0 99 448 1 264 0 99 448
0 71 728 1 140 0 71 728
0 78 658 1 230 0 78 658
0 69 748 1 242 0 69 748
0 119 248 1 643 0 119 248
0 84 598 1 643 0 84 598
0 77 668 1 359 0 77 668
0 74 698 1 317 0 74 698
0 136 78 1 756 0 136 78
0 118 258 1 982 0 118 258
0 132 118 1 626 0 132 118
0 132 118 1 379 0 132 118
0 57 868 1 195 0 57 868
0 117 268 1 155 0 117 268
0 131 128 1 769 0 131 128
0 137 68 1 1076 0 137 68
0 74 698 1 425 0 74 698
0 142 18 1 826 0 142 18
-1
24 21
0 240 94 1 184 0 240 94
0 227 224 1 572 0 227 224
0 108 1414 1 779 0 108 1414
0 242 74 1 683 0 242 74
0 228 214 1 178 0 228 214
0 100 1494 1 928 0 100 1494
0 165 844 1 444 0 165 844
0 90 1594 1 477 0 90 1594
0 246 34 1 599 0 246 34
0 229 204 1 1024 0 229 204
0 89 1604 1 1160 0 89 1604
0 210 394 1 632 0 210 394
0 114 1354 1 1106 0 114 1354
0 176 734 1 756 0 176 734
0 120 1294 1 826 0 120 1294
0 138 1114 1 717 0 138 1114
0 144 1054 1 909 0 144 1054
0 154 954 1 267 0 154 954
0 138 1114 1 828 0 138 1114
0 214 354 1 826 0 214 354
0 135 1144 1 756 0 135 1144
-1
20 24
0 63 1102 1 111 0 63 1102
0 94 792 1 1044 0 94 792
0 138 352 1 839 0 138 352
0 97 762 1 1167 0 97 762
0 129 442 1 424 0 129 442
0 92 812 1 296 0 92 812
0 169 42 1 444 0 169 42
0 152 212 1 494 0 152 212
0 88 852 1 372 0 88 852
0 142 312 1 31 0 142 312
0 62 1112 1 589 0 62 1112
0 109 642 1 1035 0 109 642
0 126 472 1 854 0 126 472
0 108 652 1 469 0 108 652
0 154 192 1 692 0 154 192
0 62 1112 1 696 0 62 1112
0 169 42 1 1033 0 169 42
0 76 972 1 1033 0 76 972
0 65 1082 1 737 0 65 1082
0 170 32 1 1096 0 170 32
0 167 62 1 140 0 167 62
0 127 462 1 593 0 127 462
0 150 232 1 826 0 150 232
0 80 932 1 826 0 80 932
-1
1 22
0 151 456 1 493 0 151 456
0 77 1196 1 839 0 77 1196
0 154 426 1 178 0 154 426
0 166 306 1 682 0 166 306
0 75 1216 1 936 0 75 1216
0 194 26 1 295 0 194 26
0 164 326 1 81 0 164 326
0 191 56 1 773 0 191 56
0 182 146 1 826 0 182 146
0 94 1026 1 1191 0 94 1026
0 194 26 1 618 0 194 26
0 110 866 1 1076 0 110 866
0 130 666 1 68 0 130 666
0 116 806 1 865 0 116 806
0 105 916 1 503 0 105 916
0 160 366 1 534 0 160 366
0 94 1026 1 771 0 94 1026
0 134 626 1 446 0 134 626
0 131 656 1 726 0 131 656
0 189 76 1 416 0 189 76
0 123 736 1 218 0 123 736
0 179 176 1 178 0 179 176
-1
36 19
0 116 1694 1 820 0 116 1694
0 244 414 1 686 0 244 414
0 187 984 1 475 0 187 984
0 245 404 1 330 0 245 404
0 213 724 1 444 0 213 724
0 191 944 1 366 0 191 944
0 95 1904 1 280 0 95 1904
0 202 834 1 745 0 202 834
0 273 124 1 109 0 273 124
0 225 604 1 1127 0 225 604
0 272 134 1 1194 0 272 134
0 107 1784 1 636 0 107 1784
0 120 1654 1 37 0 120 1654
0 112 1734 1 771 0 112 1734
0 265 204 1 351 0 265 204
0 254 314 1 138 0 254 314
0 248 374 1 826 0 248 374
0 193 924 1 826 0 193 924
0 266 194 1 826 0 266 194
-1
27 19
0 50 558 1 1194 0 50 558
0 86 198 1 1032 0 86 198
0 95 108 1 612 0 95 108
0 84 218 1 448 0 84 218
0 40 658 1 744 0 40 658
0 78 278 1 633 0 78 278
0 44 618 1 1194 0 44 618
0 42 638 1 471 0 42 638
0 50 558 1 359 0 50 558
0 59 468 1 278 0 59 468
0 93 128 1 106 0 93 128
0 74 318 1 296 0 74 318
0 90 158 1 1136 0 90 158
0 60 458 1 850 0 60 458
0 80 258 1 598 0 80 258
0 55 508 1 478 0 55 508
0 75 308 1 178 0 75 308
0 92 138 1 745 0 92 138
0 84 218 1 756 0 84 218
-1
