2 29
0 206 344 1 105 0 206 344
0 187 534 1 128 0 187 534
0 197 434 1 152 0 197 434
0 198 424 1 116 0 198 424
0 162 784 1 106 0 162 784
0 235 54 1 162 0 235 54
0 196 444 1 64 0 196 444
0 236 44 1 153 0 236 44
0 195 454 1 84 0 195 454
0 168 724 1 127 0 168 724
0 125 1154 1 116 0 125 1154
0 156 844 1 156 0 156 844
0 190 504 1 115 0 190 504
0 168 724 1 184 0 168 724
0 157 834 1 162 0 157 834
0 157 834 1 5 0 157 834
0 95 1454 1 55 0 95 1454
0 127 1134 1 6 0 127 1134
0 217 234 1 162 0 217 234
0 231 94 1 137 0 231 94
0 154 864 1 155 0 154 864
0 144 964 1 171 0 144 964
0 230 104 1 116 0 230 104
0 204 364 1 87 0 204 364
0 100 1404 1 115 0 100 1404
0 149 914 1 81 0 149 914
0 187 534 1 16 0 187 534
0 177 634 1 116 0 177 634
0 121 1194 1 116 0 121 1194
-1
5 30
0 111 750 1 16 0 111 750
0 118 680 1 52 0 118 680
0 101 850 1 116 0 101 850
0 66 1200 1 133 0 66 1200
0 149 370 1 127 0 149 370
0 185 10 1 85 0 185 10
0 103 830 1 100 0 103 830
0 183 30 1 3 0 183 30
0 121 650 1 35 0 121 650
0 173 130 1 123 0 173 130
0 101 850 1 129 0 101 850
0 169 170 1 140 0 169 170
0 0 0 0
0 108 780 1 105 0 108 780
0 121 650 1 122 0 121 650
0 147 390 1 139 0 147 390
0 147 390 1 29 0 147 390
0 140 460 1 48 0 140 460
0 66 1200 1 52 0 66 1200
0 161 250 1 116 0 161 250
0 112 740 1 197 0 112 740
0 70 1160 1 64 0 70 1160
0 128 580 1 196 0 128 580
0 76 1100 1 64 0 76 1100
0 165 210 1 122 0 165 210
0 136 500 1 85 0 136 500
0 185 10 1 87 0 185 10
0 160 260 1 85 0 160 260
0 120 660 1 123 0 120 660
0 131 550 1 116 0 131 550
-1
11 25
0 118 780 1 152 0 118 780
0 129 670 1 116 0 129 670
0 66 1300 1 16 0 66 1300
0 184 120 1 160 0 184 120
0 163 330 1 74 0 163 330
0 101 950 1 122 0 101 950
0 149 470 1 87 0 149 470
0 191 50 1 182 0 191 50
0 158 380 1 160 0 158 380
0 194 20 1 163 0 194 20
0 184 120 1 174 0 184 120
0 175 210 1 107 0 175 210
0 86 1100 1 169 0 86 1100
0 132 640 1 65 0 132 640
0 196 0 1 36 0 196 0
0 127 690 1 143 0 127 690
0 179 170 1 178 0 179 170
0 148 480 1 195 0 148 480
0 157 390 1 10 0 157 390
0 170 260 1 144 0 170 260
0 98 980 1 198 0 98 980
0 143 530 1 115 0 143 530
0 106 900 1 87 0 106 900
0 179 170 1 116 0 179 170
0 69 1270 1 116 0 69 1270
-1
13 29
0 220 202 1 133 0 220 202
0 82 1582 1 95 0 82 1582
0 181 592 1 116 0 181 592
0 183 572 1 43 0 183 572
0 201 392 1 116 0 201 392
0 180 602 1 49 0 180 602
0 187 532 1 64 0 187 532
0 197 432 1 164 0 197 432
0 222 182 1 107 0 222 182
0 88 1522 1 196 0 88 1522
0 148 922 1 99 0 148 922
0 101 1392 1 36 0 101 1392
0 149 912 1 16 0 149 912
0 210 302 1 64 0 210 302
0 107 1332 1 153 0 107 1332
0 151 892 1 74 0 151 892
0 153 872 1 197 0 153 872
0 169 712 1 16 0 169 712
0 85 1552 1 139 0 85 1552
0 240 2 1 179 0 240 2
0 152 882 1 116 0 152 882
0 111 1292 1 105 0 111 1292
0 132 1082 1 107 0 132 1082
0 105 1352 1 107 0 105 1352
0 110 1302 1 127 0 110 1302
0 136 1042 1 24 0 136 1042
0 192 482 1 155 0 192 482
0 116 1242 1 116 0 116 1242
0 89 1512 1 116 0 89 1512
-1
14 27
0 170 506 1 34 0 170 506
0 147 736 1 64 0 147 736
0 79 1416 1 66 0 79 1416
0 152 686 1 87 0 152 686
0 152 686 1 177 0 152 686
0 117 1036 1 179 0 117 1036
0 109 1116 1 195 0 109 1116
0 217 36 1 19 0 217 36
0 176 446 1 155 0 176 446
0 201 196 1 178 0 201 196
0 82 1386 1 64 0 82 1386
0 146 746 1 158 0 146 746
0 130 906 1 108 0 130 906
0 153 676 1 127 0 153 676
0 127 936 1 138 0 127 936
0 203 176 1 64 0 203 176
0 181 396 1 162 0 181 396
0 204 166 1 39 0 204 166
0 116 1046 1 160 0 116 1046
0 96 1246 1 9 0 96 1246
0 200 206 1 193 0 200 206
0 218 26 1 39 0 218 26
0 142 786 1 52 0 142 786
0 104 1166 1 152 0 104 1166
0 152 686 1 64 0 152 686
0 191 296 1 107 0 191 296
0 197 236 1 116 0 197 236
-1
15 29
0 172 186 1 197 0 172 186
0 114 766 1 179 0 114 766
0 171 196 1 122 0 171 196
0 155 356 1 33 0 155 356
0 156 346 1 116 0 156 346
0 107 836 1 73 0 107 836
0 120 706 1 190 0 120 706
0 184 66 1 115 0 184 66
0 152 386 1 65 0 152 386
0 96 946 1 171 0 96 946
0 181 96 1 107 0 181 96
0 174 166 1 72 0 174 166
0 67 1236 1 65 0 67 1236
0 188 26 1 110 0 188 26
0 131 596 1 171 0 131 596
0 86 1046 1 94 0 86 1046
0 95 956 1 116 0 95 956
0 185 56 1 87 0 185 56
0 100 906 1 116 0 100 906
0 185 56 1 99 0 185 56
0 68 1226 1 156 0 68 1226
0 134 566 1 177 0 134 566
0 182 86 1 127 0 182 86
0 140 506 1 24 0 140 506
0 122 686 1 87 0 122 686
0 160 306 1 87 0 160 306
0 70 1206 1 48 0 70 1206
0 87 1036 1 16 0 87 1036
0 181 96 1 87 0 181 96
-1
8 24
0 86 356 1 190 0 86 356
0 84 376 1 48 0 84 376
0 113 86 1 136 0 113 86
0 74 476 1 50 0 74 476
0 115 66 1 32 0 115 66
0 101 206 1 103 0 101 206
0 68 536 1 162 0 68 536
0 79 426 1 156 0 79 426
0 91 306 1 152 0 91 306
0 87 346 1 116 0 87 346
0 102 196 1 171 0 102 196
0 48 736 1 160 0 48 736
0 108 136 1 11 0 108 136
0 102 196 1 193 0 102 196
0 104 176 1 64 0 104 176
0 99 226 1 160 0 99 226
0 106 156 1 116 0 106 156
0 106 156 1 30 0 106 156
0 113 86 1 56 0 113 86
0 48 736 1 162 0 48 736
0 52 696 1 137 0 52 696
0 100 216 1 118 0 100 216
0 108 136 1 65 0 108 136
0 93 286 1 65 0 93 286
-1
3 28
0 158 212 1 140 0 158 212
0 118 612 1 98 0 118 612
0 105 742 1 186 0 105 742
0 132 472 1 107 0 132 472
0 166 132 1 39 0 166 132
0 164 152 1 31 0 164 152
0 104 752 1 27 0 104 752
0 111 682 1 116 0 111 682
0 113 662 1 135 0 113 662
0 78 1012 1 76 0 78 1012
0 165 142 1 127 0 165 142
0 84 952 1 34 0 84 952
0 173 62 1 116 0 173 62
0 143 362 1 64 0 143 362
0 98 812 1 88 0 98 812
0 148 312 1 87 0 148 312
0 140 392 1 85 0 140 392
0 137 422 1 101 0 137 422
0 116 632 1 157 0 116 632
0 173 62 1 64 0 173 62
0 99 802 1 85 0 99 802
0 81 982 1 162 0 81 982
0 133 462 1 152 0 133 462
0 136 432 1 85 0 136 432
0 90 892 1 49 0 90 892
0 115 642 1 64 0 115 642
0 80 992 1 138 0 80 992
0 136 432 1 116 0 136 432
-1
6 24
0 74 1276 1 155 0 74 1276
0 126 756 1 50 0 126 756
0 90 1116 1 152 0 90 1116
0 153 486 1 136 0 153 486
0 78 1236 1 39 0 78 1236
0 165 366 1 12 0 165 366
0 72 1296 1 160 0 72 1296
0 150 516 1 157 0 150 516
0 174 276 1 99 0 174 276
0 100 1016 1 119 0 100 1016
0 98 1036 1 16 0 98 1036
0 68 1336 1 116 0 68 1336
0 196 56 1 87 0 196 56
0 120 816 1 152 0 120 816
0 152 496 1 35 0 152 496
0 170 316 1 53 0 170 316
0 199 26 1 28 0 199 26
0 199 26 1 81 0 199 26
0 97 1046 1 65 0 97 1046
0 90 1116 1 149 0 90 1116
0 148 536 1 170 0 148 536
0 89 1126 1 87 0 89 1126
0 136 656 1 122 0 136 656
0 179 226 1 116 0 179 226
-1
10 27
0 144 1226 1 152 0 144 1226
0 221 456 1 87 0 221 456
0 263 36 1 170 0 263 36
0 253 136 1 110 0 253 136
0 208 586 1 101 0 208 586
0 251 156 1 34 0 251 156
0 143 1236 1 24 0 143 1236
0 245 216 1 64 0 245 216
0 237 296 1 162 0 237 296
0 203 636 1 65 0 203 636
0 173 936 1 108 0 173 936
0 202 646 1 138 0 202 646
0 158 1086 1 31 0 158 1086
0 121 1456 1 154 0 121 1456
0 196 706 1 116 0 196 706
0 163 1036 1 158 0 163 1036
0 201 656 1 69 0 201 656
0 104 1626 1 127 0 104 1626
0 107 1596 1 167 0 107 1596
0 128 1386 1 116 0 128 1386
0 196 706 1 116 0 196 706
0 138 1286 1 162 0 138 1286
0 195 716 1 100 0 195 716
0 257 96 1 116 0 257 96
0 146 1206 1 41 0 146 1206
0 201 656 1 116 0 201 656
0 167 996 1 116 0 167 996
-1
12 29
0 53 566 1 127 0 53 566
0 94 156 1 48 0 94 156
0 101 86 1 64 0 101 86
0 73 366 1 87 0 73 366
0 75 346 1 180 0 75 346
0 88 216 1 127 0 88 216
0 78 316 1 23 0 78 316
0 105 46 1 87 0 105 46
0 43 666 1 152 0 43 666
0 52 576 1 29 0 52 576
0 37 726 1 115 0 37 726
0 107 26 1 137 0 107 26
0 100 96 1 180 0 100 96
0 88 216 1 122 0 88 216
0 100 96 1 123 0 100 96
0 84 256 1 142 0 84 256
0 60 496 1 160 0 60 496
0 94 156 1 196 0 94 156
0 103 66 1 116 0 103 66
0 97 126 1 14 0 97 126
0 46 636 1 85 0 46 636
0 79 306 1 171 0 79 306
0 55 546 1 64 0 55 546
0 96 136 1 101 0 96 136
0 79 306 1 85 0 79 306
0 58 516 1 152 0 58 516
0 59 506 1 138 0 59 506
0 92 176 1 85 0 92 176
0 75 346 1 152 0 75 346
-1
7 24
0 140 478 1 182 0 140 478
0 158 298 1 191 0 158 298
0 134 538 1 127 0 134 538
0 166 218 1 137 0 166 218
0 145 428 1 49 0 145 428
0 154 338 1 5 0 154 338
0 161 268 1 168 0 161 268
0 148 398 1 116 0 148 398
0 66 1218 1 142 0 66 1218
0 179 88 1 105 0 179 88
0 0 0 0
0 169 188 1 141 0 169 188
0 166 218 1 152 0 166 218
0 157 308 1 160 0 157 308
0 185 28 1 9 0 185 28
0 164 238 1 166 0 164 238
0 93 948 1 85 0 93 948
0 116 718 1 186 0 116 718
0 152 358 1 122 0 152 358
0 95 928 1 49 0 95 928
0 77 1108 1 116 0 77 1108
0 119 688 1 182 0 119 688
0 80 1078 1 52 0 80 1078
0 165 228 1 85 0 165 228
-1
1 27
0 104 1216 1 164 0 104 1216
0 175 506 1 64 0 175 506
0 217 86 1 16 0 217 86
0 214 116 1 8 0 214 116
0 142 836 1 129 0 142 836
0 190 356 1 180 0 190 356
0 152 736 1 162 0 152 736
0 94 1316 1 177 0 94 1316
0 222 36 1 195 0 222 36
0 182 436 1 116 0 182 436
0 187 386 1 127 0 187 386
0 198 276 1 97 0 198 276
0 165 606 1 85 0 165 606
0 216 96 1 124 0 216 96
0 172 536 1 162 0 172 536
0 221 46 1 29 0 221 46
0 159 666 1 105 0 159 666
0 205 206 1 84 0 205 206
0 200 256 1 185 0 200 256
0 129 966 1 64 0 129 966
0 153 726 1 31 0 153 726
0 179 466 1 72 0 179 466
0 187 386 1 87 0 187 386
0 140 856 1 55 0 140 856
0 112 1136 1 158 0 112 1136
0 136 896 1 87 0 136 896
0 98 1276 1 116 0 98 1276
-1
4 28
0 235 10 1 158 0 235 10
0 228 80 1 104 0 228 80
0 210 260 1 57 0 210 260
0 144 920 1 160 0 144 920
0 199 370 1 179 0 199 370
0 206 300 1 188 0 206 300
0 158 780 1 113 0 158 780
0 206 300 1 116 0 206 300
0 188 480 1 169 0 188 480
0 223 130 1 31 0 223 130
0 231 50 1 144 0 231 50
0 185 510 1 16 0 185 510
0 213 230 1 182 0 213 230
0 138 980 1 171 0 138 980
0 175 610 1 5 0 175 610
0 162 740 1 9 0 162 740
0 107 1290 1 85 0 107 1290
0 206 300 1 127 0 206 300
0 189 470 1 181 0 189 470
0 202 340 1 116 0 202 340
0 232 40 1 16 0 232 40
0 206 300 1 48 0 206 300
0 190 460 1 195 0 190 460
0 212 240 1 152 0 212 240
0 109 1270 1 16 0 109 1270
0 136 1000 1 65 0 136 1000
0 167 690 1 65 0 167 690
0 169 670 1 87 0 169 670
-1
9 28
0 160 62 1 127 0 160 62
0 101 652 1 87 0 101 652
0 115 512 1 26 0 115 512
0 113 532 1 71 0 113 532
0 143 232 1 190 0 143 232
0 93 732 1 87 0 93 732
0 88 782 1 49 0 88 782
0 117 492 1 64 0 117 492
0 103 632 1 103 0 103 632
0 97 692 1 137 0 97 692
0 91 752 1 138 0 91 752
0 135 312 1 35 0 135 312
0 139 272 1 160 0 139 272
0 163 32 1 132 0 163 32
0 96 702 1 32 0 96 702
0 136 302 1 65 0 136 302
0 87 792 1 74 0 87 792
0 67 992 1 49 0 67 992
0 146 202 1 162 0 146 202
0 133 332 1 160 0 133 332
0 119 472 1 67 0 119 472
0 151 152 1 35 0 151 152
0 75 912 1 123 0 75 912
0 93 732 1 169 0 93 732
0 67 992 1 49 0 67 992
0 71 952 1 116 0 71 952
0 82 842 1 116 0 82 842
0 74 922 1 116 0 74 922
-1
