11 28
0 699 3192 1 30 0 699 3192
0 1259 703 1 84 0 1259 703
0 1355 277 1 150 0 1355 277
0 747 2977 1 100 0 747 2977
0 1150 1188 1 99 0 1150 1188
0 594 3659 1 50 0 594 3659
0 800 2744 1 4 0 800 2744
0 617 3555 1 100 0 617 3555
0 919 2214 1 63 0 919 2214
0 589 3681 1 100 0 589 3681
0 1340 344 1 149 0 1340 344
0 1299 525 1 23 0 1299 525
0 875 2411 1 22 0 875 2411
0 1277 622 1 22 0 1277 622
0 529 3948 1 63 0 529 3948
0 842 2555 1 50 0 842 2555
0 1229 837 1 93 0 1229 837
0 1397 88 1 36 0 1397 88
0 1400 77 1 7 0 1400 77
0 1263 685 1 63 0 1263 685
0 1414 14 1 137 0 1414 14
0 1202 955 1 179 0 1202 955
0 968 1996 1 93 0 968 1996
0 604 3614 1 34 0 604 3614
0 1031 1714 1 63 0 1031 1714
0 823 2640 1 93 0 823 2640
0 0 0 0
0 1221 870 1 185 0 1221 870
-1
14 28
0 1147 966 1 179 0 1147 966
0 1353 51 1 69 0 1353 51
0 983 1696 1 69 0 983 1696
0 1204 714 1 7 0 1204 714
0 1006 1592 1 179 0 1006 1592
0 0 0 0
0 870 2200 1 191 0 870 2200
0 1365 0 1 179 0 1365 0
0 500 3844 1 122 0 500 3844
0 1213 674 1 195 0 1213 674
0 1193 762 1 38 0 1193 762
0 1260 466 1 5 0 1260 466
0 893 2096 1 101 0 893 2096
0 872 2188 1 4 0 872 2188
0 1348 74 1 94 0 1348 74
0 0 0 0
0 1231 592 1 99 0 1231 592
0 687 3011 1 99 0 687 3011
0 0 0 0
0 1023 1518 1 31 0 1023 1518
0 0 0 0
0 1221 637 1 137 0 1221 637
0 761 2681 1 111 0 761 2681
0 1069 1314 1 122 0 1069 1314
0 543 3651 1 38 0 543 3651
0 520 3755 1 77 0 520 3755
0 1000 1622 1 141 0 1000 1622
0 1104 1159 1 143 0 1104 1159
-1
2 35
0 271 644 1 164 0 271 644
0 316 444 1 195 0 316 444
0 374 188 1 195 0 374 188
0 221 866 1 178 0 221 866
0 376 177 1 153 0 376 177
0 151 1177 1 95 0 151 1177
0 396 88 1 70 0 396 88
0 235 807 1 50 0 235 807
0 191 999 1 95 0 191 999
0 285 585 1 153 0 285 585
0 388 125 1 153 0 388 125
0 416 0 1 164 0 416 0
0 151 1177 1 178 0 151 1177
0 269 655 1 50 0 269 655
0 194 988 1 164 0 194 988
0 175 1074 1 100 0 175 1074
0 185 1029 1 95 0 185 1029
0 374 188 1 77 0 374 188
0 140 1229 1 50 0 140 1229
0 388 125 1 77 0 388 125
0 187 1018 1 164 0 187 1018
0 351 288 1 63 0 351 288
0 250 740 1 77 0 250 740
0 324 411 1 153 0 324 411
0 354 277 1 164 0 354 277
0 156 1155 1 77 0 156 1155
0 261 688 1 7 0 261 688
0 182 1040 1 70 0 182 1040
0 256 711 1 153 0 256 711
0 250 740 1 50 0 250 740
0 170 1096 1 34 0 170 1096
0 363 237 1 178 0 363 237
0 397 85 1 95 0 397 85
0 287 574 1 95 0 287 574
0 250 740 1 95 0 250 740
-1
1 19
0 0 0 0
0 8044 1285 1 142 0 8044 1285
0 4777 15803 1 103 0 4777 15803
0 5811 11207 1 150 0 5811 11207
0 4640 16414 2 138 0 1 0 162 0 4639 16414
0 5209 13885 1 98 0 5209 13885
0 6591 7740 1 80 0 6591 7740
0 3498 21488 1 164 0 3498 21488
0 8188 644 1 149 0 8188 644
0 6843 6622 1 155 0 6843 6622
0 4635 16437 1 39 0 4635 16437
0 6068 10066 1 34 0 6068 10066
0 7834 2218 1 23 0 7834 2218
0 6439 8418 1 30 0 6439 8418
0 5297 13492 1 36 0 5297 13492
0 0 0 0
0 8008 1444 1 163 0 8008 1444
0 2886 24207 1 146 0 2886 24207
0 8254 351 1 153 0 8254 351
-1
5 26
0 816 181 1 98 0 816 181
0 339 2303 1 183 0 339 2303
0 535 1433 1 183 0 535 1433
0 626 1025 1 189 0 626 1025
0 582 1222 1 70 0 582 1222
0 792 288 1 164 0 792 288
0 516 1514 1 190 0 516 1514
0 717 622 1 146 0 717 622
0 633 996 1 1 0 633 996
0 668 840 1 190 0 668 840
0 654 903 1 40 0 654 903
0 427 1911 1 178 0 427 1911
0 580 1233 1 200 0 580 1233
0 757 444 1 193 0 757 444
0 586 1203 1 52 0 586 1203
0 817 177 1 190 0 817 177
0 542 1400 1 164 0 542 1400
0 441 1848 1 182 0 441 1848
0 776 359 1 90 0 776 359
0 781 337 1 34 0 781 337
0 838 85 1 98 0 838 85
0 792 288 1 153 0 792 288
0 750 477 1 113 0 750 477
0 714 637 1 182 0 714 637
0 606 1114 1 50 0 606 1114
0 683 774 1 164 0 683 774
-1
8 31
0 1263 622 1 200 0 1263 622
0 1379 107 1 171 0 1379 107
0 1075 1459 1 132 0 1075 1459
0 1151 1118 1 38 0 1151 1118
0 1313 400 1 57 0 1313 400
0 627 3448 1 166 0 627 3448
0 1243 711 1 57 0 1243 711
0 1097 1359 1 58 0 1097 1359
0 1207 870 1 111 0 1207 870
0 617 3492 1 132 0 617 3492
0 1260 637 1 99 0 1260 637
0 1322 359 1 132 0 1322 359
0 1339 285 1 41 0 1339 285
0 1186 962 1 112 0 1186 962
0 1369 151 1 99 0 1369 151
0 1253 666 1 5 0 1253 666
0 822 2581 1 6 0 822 2581
0 1214 840 1 95 0 1214 840
0 881 2318 1 189 0 881 2318
0 0 0 0
0 1159 1085 1 31 0 1159 1085
0 883 2311 1 149 0 883 2311
0 901 2229 1 58 0 901 2229
0 1071 1474 1 6 0 1071 1474
0 817 2603 1 38 0 817 2603
0 1147 1137 1 77 0 1147 1137
0 988 1844 1 115 0 988 1844
0 0 0 0
0 854 2440 1 38 0 854 2440
0 1098 1355 1 153 0 1098 1355
0 718 3044 1 57 0 718 3044
-1
3 33
0 1018 1988 1 195 0 1018 1988
0 1094 1651 1 100 0 1094 1651
0 1216 1107 1 80 0 1216 1107
0 1295 759 1 63 0 1295 759
0 1297 748 1 22 0 1297 748
0 790 3003 1 22 0 790 3003
0 1120 1537 1 26 0 1120 1537
0 837 2792 1 134 0 837 2792
0 841 2774 1 106 0 841 2774
0 1102 1614 1 7 0 1102 1614
0 1435 137 1 113 0 1435 137
0 686 3462 1 195 0 686 3462
0 0 0 0
0 1295 759 1 101 0 1295 759
0 824 2851 1 195 0 824 2851
0 0 0 0
0 1457 37 1 93 0 1457 37
0 1194 1207 1 34 0 1194 1207
0 1325 625 1 84 0 1325 625
0 563 4011 1 93 0 563 4011
0 654 3607 1 30 0 654 3607
0 1245 981 1 188 0 1245 981
0 1024 1962 1 30 0 1024 1962
0 668 3544 1 1 0 668 3544
0 512 4237 1 153 0 512 4237
0 780 3048 1 50 0 780 3048
0 1081 1707 1 26 0 1081 1707
0 0 0 0
0 1449 74 1 1 0 1449 74
0 1302 725 1 113 0 1302 725
0 821 2862 1 106 0 821 2862
0 1074 1740 1 100 0 1074 1740
0 778 3055 1 134 0 778 3055
-1
6 26
0 1107 1874 1 145 0 1107 1874
0 1014 2288 1 57 0 1014 2288
0 1464 288 1 52 0 1464 288
0 646 3922 1 77 0 646 3922
0 0 0 0
0 0 0 0
0 976 2455 1 177 0 976 2455
0 796 3255 1 137 0 796 3255
0 0 0 0
0 1224 1355 1 155 0 1224 1355
0 0 0 0
0 0 0 0
0 791 3277 1 189 0 791 3277
0 1280 1107 1 93 0 1280 1107
0 1297 1029 1 40 0 1297 1029
0 1398 581 1 149 0 1398 581
0 1357 762 1 5 0 1357 762
0 1436 411 1 156 0 1436 411
0 1194 1488 1 115 0 1194 1488
0 1110 1862 1 95 0 1110 1862
0 1251 1233 1 41 0 1251 1233
0 1502 118 1 1 0 1502 118
0 1325 907 1 100 0 1325 907
0 718 3603 1 98 0 718 3603
0 0 0 0
0 1261 1188 1 178 0 1261 1188
-1
15 31
0 1329 396 1 145 0 1329 396
0 924 2196 1 168 0 924 2196
0 706 3162 1 19 0 706 3162
0 1378 177 1 150 0 1378 177
0 983 1933 1 115 0 983 1933
0 932 2159 1 200 0 932 2159
0 1359 262 1 73 0 1359 262
0 1312 470 1 98 0 1312 470
0 1303 511 1 200 0 1303 511
0 941 2118 1 109 0 941 2118
0 889 2351 1 15 0 889 2351
0 1209 929 1 119 0 1209 929
0 933 2155 1 155 0 933 2155
0 1342 337 1 191 0 1342 337
0 917 2225 1 168 0 917 2225
0 783 2822 1 200 0 783 2822
0 1179 1062 1 158 0 1179 1062
0 881 2385 1 115 0 881 2385
0 1215 903 1 168 0 1215 903
0 1343 333 1 20 0 1343 333
0 1300 525 1 145 0 1300 525
0 1109 1374 1 130 0 1109 1374
0 1061 1585 1 40 0 1061 1585
0 1073 1533 1 15 0 1073 1533
0 553 3844 1 145 0 553 3844
0 1320 437 1 15 0 1320 437
0 0 0 0
0 600 3637 1 98 0 600 3637
0 1174 1085 1 19 0 1174 1085
0 737 3025 1 191 0 737 3025
0 1335 370 1 88 0 1335 370
-1
9 28
0 1037 1851 1 90 0 1037 1851
0 683 3425 1 15 0 683 3425
0 569 3933 1 168 0 569 3933
0 1384 311 1 95 0 1384 311
0 873 2581 1 143 0 873 2581
0 645 3596 1 88 0 645 3596
0 717 3274 1 32 0 717 3274
0 1434 88 1 55 0 1434 88
0 1422 140 1 145 0 1422 140
0 1186 1188 1 121 0 1186 1188
0 703 3337 1 193 0 703 3337
0 1395 262 1 130 0 1395 262
0 1221 1033 1 189 0 1221 1033
0 1298 692 1 88 0 1298 692
0 706 3322 1 130 0 706 3322
0 0 0 0
0 696 3366 1 191 0 696 3366
0 1225 1018 1 65 0 1225 1018
0 1057 1762 1 119 0 1057 1762
0 1143 1381 1 119 0 1143 1381
0 704 3333 1 98 0 704 3333
0 1288 737 1 40 0 1288 737
0 1168 1270 1 15 0 1168 1270
0 1325 574 1 193 0 1325 574
0 1215 1062 1 41 0 1215 1062
0 1385 307 1 118 0 1385 307
0 618 3714 1 88 0 618 3714
0 1273 803 1 46 0 1273 803
-1
10 31
0 1153 40 1 52 0 1153 40
0 824 1503 1 95 0 824 1503
0 864 1325 1 183 0 864 1325
0 955 922 1 168 0 955 922
0 613 2440 1 183 0 613 2440
0 1130 144 1 113 0 1130 144
0 0 0 0
0 665 2211 1 1 0 665 2211
0 1044 525 1 52 0 1044 525
0 1118 196 1 90 0 1118 196
0 689 2103 1 182 0 689 2103
0 1056 470 1 153 0 1056 470
0 802 1600 1 178 0 802 1600
0 864 1325 1 178 0 864 1325
0 912 1111 1 150 0 912 1111
0 687 2111 1 113 0 687 2111
0 757 1799 1 178 0 757 1799
0 930 1033 1 30 0 930 1033
0 1154 37 1 52 0 1154 37
0 1097 288 1 50 0 1097 288
0 851 1381 1 46 0 851 1381
0 517 2866 1 189 0 517 2866
0 975 833 1 190 0 975 833
0 1049 503 1 95 0 1049 503
0 1042 533 1 178 0 1042 533
0 601 2492 1 182 0 601 2492
0 631 2359 1 182 0 631 2359
0 547 2733 1 189 0 547 2733
0 917 1088 1 190 0 917 1088
0 554 2703 1 164 0 554 2703
0 522 2844 1 164 0 522 2844
-1
4 28
0 673 1822 1 191 0 673 1822
0 780 1348 1 119 0 780 1348
0 790 1303 1 4 0 790 1303
0 684 1774 1 143 0 684 1774
0 0 0 0
0 0 0 0
0 983 444 1 150 0 983 444
0 903 800 1 34 0 903 800
0 0 0 0
0 495 2614 1 137 0 495 2614
0 793 1288 1 156 0 793 1288
0 1030 237 1 149 0 1030 237
0 0 0 0
0 639 1974 1 1 0 639 1974
0 845 1059 1 111 0 845 1059
0 0 0 0
0 720 1614 1 58 0 720 1614
0 442 2848 1 23 0 442 2848
0 463 2755 1 30 0 463 2755
0 807 1225 1 1 0 807 1225
0 946 607 1 90 0 946 607
0 993 400 1 164 0 993 400
0 1013 311 1 119 0 1013 311
0 858 999 1 200 0 858 999
0 0 0 0
0 0 0 0
0 444 2840 1 95 0 444 2840
0 602 2137 1 15 0 602 2137
-1
12 29
0 926 2003 1 23 0 926 2003
0 1356 92 1 137 0 1356 92
0 1300 344 1 111 0 1300 344
0 1337 177 1 200 0 1337 177
0 908 2085 1 130 0 908 2085
0 1136 1070 1 36 0 1136 1070
0 1069 1370 1 88 0 1069 1370
0 1064 1392 1 19 0 1064 1392
0 732 2866 1 200 0 732 2866
0 492 3933 1 19 0 492 3933
0 1155 988 1 112 0 1155 988
0 988 1729 1 156 0 988 1729
0 1361 70 1 90 0 1361 70
0 1368 40 1 31 0 1368 40
0 1318 262 1 111 0 1318 262
0 621 3359 1 75 0 621 3359
0 711 2959 1 9 0 711 2959
0 1225 677 1 118 0 1225 677
0 1363 62 1 109 0 1363 62
0 731 2870 1 193 0 731 2870
0 1353 107 1 183 0 1353 107
0 1243 596 1 52 0 1243 596
0 574 3570 1 200 0 574 3570
0 596 3470 1 121 0 596 3470
0 493 3929 1 168 0 493 3929
0 1240 611 1 118 0 1240 611
0 749 2792 1 19 0 749 2792
0 1230 655 1 168 0 1230 655
0 830 2433 1 168 0 830 2433
-1
13 28
0 1092 1374 1 100 0 1092 1374
0 1061 1511 1 84 0 1061 1511
0 1307 418 1 100 0 1307 418
0 1373 125 1 34 0 1373 125
0 1069 1477 1 101 0 1069 1477
0 1293 481 1 63 0 1293 481
0 1022 1685 1 63 0 1022 1685
0 1305 429 1 113 0 1305 429
0 1275 562 1 166 0 1275 562
0 1039 1611 1 7 0 1039 1611
0 1091 1377 1 63 0 1091 1377
0 664 3277 1 26 0 664 3277
0 1182 974 1 28 0 1182 974
0 1192 929 1 4 0 1192 929
0 925 2118 1 23 0 925 2118
0 1309 411 1 84 0 1309 411
0 927 2107 1 1 0 927 2107
0 1074 1455 1 142 0 1074 1455
0 928 2103 1 177 0 928 2103
0 1305 429 1 100 0 1305 429
0 880 2318 1 160 0 880 2318
0 832 2529 1 1 0 832 2529
0 1155 1096 1 7 0 1155 1096
0 528 3881 1 84 0 528 3881
0 1152 1107 1 113 0 1152 1107
0 1054 1544 1 63 0 1054 1544
0 896 2244 1 63 0 896 2244
0 981 1866 1 63 0 981 1866
-1
7 32
0 639 488 1 6 0 639 488
0 499 1111 1 91 0 499 1111
0 700 218 1 77 0 700 218
0 612 607 1 122 0 612 607
0 495 1129 1 132 0 495 1129
0 660 396 1 1 0 660 396
0 481 1188 1 77 0 481 1188
0 734 66 1 109 0 734 66
0 724 111 1 154 0 724 111
0 388 1603 1 122 0 388 1603
0 434 1400 1 91 0 434 1400
0 0 0 0
0 742 29 1 126 0 742 29
0 697 229 1 39 0 697 229
0 713 159 1 57 0 713 159
0 668 359 1 91 0 668 359
0 569 800 1 5 0 569 800
0 431 1411 1 38 0 431 1411
0 491 1144 1 132 0 491 1144
0 671 344 1 99 0 671 344
0 729 88 1 58 0 729 88
0 397 1562 1 34 0 397 1562
0 496 1122 1 6 0 496 1122
0 735 62 1 31 0 735 62
0 697 229 1 5 0 697 229
0 746 11 1 101 0 746 11
0 309 1955 1 99 0 309 1955
0 577 762 1 193 0 577 762
0 473 1225 1 126 0 473 1225
0 357 1740 1 58 0 357 1740
0 634 511 1 119 0 634 511
0 525 996 1 4 0 525 996
-1
