7 15
0 829 258 1 51 0 829 258
0 886 11 1 435 0 886 11
0 865 102 1 466 0 865 102
0 766 527 1 466 0 766 527
0 700 813 1 771 0 700 813
0 836 227 1 944 0 836 227
0 872 72 1 771 0 872 72
0 859 127 1 611 0 859 127
0 558 1425 1 507 0 558 1425
0 703 800 1 84 0 703 800
0 719 730 1 626 0 719 730
0 666 958 1 478 0 666 958
0 612 1191 1 405 0 612 1191
0 724 708 1 533 0 724 708
0 522 1577 1 209 0 522 1577
-1
10 20
0 1047 97 1 159 0 1047 97
0 765 1311 1 558 0 765 1311
0 660 1763 1 1000 0 660 1763
0 706 1565 2 162 0 0 2 910 0 706 1563
0 0 0 0
0 802 1150 1 297 0 802 1150
0 0 0 0
0 1000 300 1 538 0 1000 300
0 858 911 1 757 0 858 911
0 1013 241 1 917 0 1013 241
0 994 325 1 789 0 994 325
0 425 2775 1 268 0 425 2775
0 876 833 1 1145 0 876 833
0 997 311 1 881 0 997 311
0 835 1008 1 343 0 835 1008
0 927 613 1 1062 0 927 613
0 756 1350 1 766 0 756 1350
0 708 1555 1 971 0 708 1555
0 730 1461 1 583 0 730 1461
0 839 991 1 320 0 839 991
-1
16 21
0 625 2311 1 1132 0 625 2311
0 887 1183 1 787 0 887 1183
0 1025 588 1 1106 0 1025 588
0 1104 247 1 873 0 1104 247
0 1054 463 1 434 0 1054 463
0 915 1061 1 84 0 915 1061
0 872 1247 1 1057 0 872 1247
0 811 1508 1 249 0 811 1508
0 1031 561 1 1089 0 1031 561
0 1069 400 1 494 0 1069 400
0 628 2297 1 109 0 628 2297
0 572 2538 1 1057 0 572 2538
0 659 2163 1 789 0 659 2163
0 994 722 1 182 0 994 722
0 582 2494 1 1089 0 582 2494
0 726 1875 1 461 0 726 1875
0 907 1097 1 456 0 907 1097
0 394 3305 1 839 0 394 3305
0 1042 515 2 653 0 1042 513 494 0 0 2
0 562 2580 1 907 0 562 2580
0 999 700 1 421 0 999 700
-1
19 29
0 319 1347 1 253 0 319 1347
0 426 886 1 704 0 426 886
0 328 1308 1 549 0 328 1308
0 299 1433 1 87 0 299 1433
0 227 1744 1 756 0 227 1744
0 544 377 1 966 0 544 377
0 556 327 1 371 0 556 327
0 570 266 1 270 0 570 266
0 255 1622 1 570 0 255 1622
0 544 377 1 570 0 544 377
0 601 133 1 276 0 601 133
0 550 352 1 476 0 550 352
0 605 116 1 190 0 605 116
0 305 1408 1 100 0 305 1408
0 294 1455 1 448 0 294 1455
0 545 375 1 1164 0 545 375
0 583 211 1 535 0 583 211
0 450 783 1 884 0 450 783
0 423 900 1 1121 0 423 900
0 424 894 1 584 0 424 894
0 324 1325 1 822 0 324 1325
0 286 1490 2 671 0 0 2 532 0 286 1488
0 414 938 1 485 0 414 938
0 483 641 1 365 0 483 641
0 624 33 1 489 0 624 33
0 334 1283 1 158 0 334 1283
0 401 994 1 270 0 401 994
0 272 1550 1 942 0 272 1550
0 502 558 1 158 0 502 558
-1
30 21
0 370 1866 1 86 0 370 1866
0 783 88 1 297 0 783 88
0 686 505 1 533 0 686 505
0 382 1813 1 1177 0 382 1813
0 481 1388 1 828 0 481 1388
0 657 630 1 583 0 657 630
0 509 1269 1 377 0 509 1269
0 487 1363 1 689 0 487 1363
0 793 44 1 249 0 793 44
0 784 83 1 459 0 784 83
0 771 138 1 1054 0 771 138
0 637 716 1 956 0 637 716
0 717 372 1 325 0 717 372
0 791 52 1 1140 0 791 52
0 356 1927 1 341 0 356 1927
0 415 1672 1 457 0 415 1672
0 779 105 1 1005 0 779 105
0 376 1841 1 1144 0 376 1841
0 483 1380 1 792 0 483 1380
0 300 2169 1 1089 0 300 2169
0 423 1638 1 886 0 423 1638
-1
34 29
0 867 258 1 802 0 867 258
0 471 1963 1 168 0 471 1963
0 903 105 1 267 0 903 105
0 814 488 1 777 0 814 488
0 402 2261 1 1044 0 402 2261
0 893 147 1 473 0 893 147
0 921 27 1 614 0 921 27
0 741 802 1 152 0 741 802
0 923 19 1 1169 0 923 19
0 505 1819 1 325 0 505 1819
0 902 110 2 603 0 0 2 971 0 902 108
0 605 1388 1 1188 0 605 1388
0 896 136 1 779 0 896 136
0 323 2602 1 290 0 323 2602
0 803 536 1 181 0 803 536
0 891 157 2 305 0 0 2 181 0 891 155
0 583 1483 1 613 0 583 1483
0 798 558 1 879 0 798 558
0 606 1383 1 1006 0 606 1383
0 596 1427 1 168 0 596 1427
0 683 1052 1 954 0 683 1052
0 380 2358 1 191 0 380 2358
0 558 1591 1 879 0 558 1591
0 889 166 1 297 0 889 166
0 358 2452 1 529 0 358 2452
0 319 2619 1 113 0 319 2619
0 840 377 1 1044 0 840 377
0 552 1616 1 1044 0 552 1616
0 619 1327 1 429 0 619 1327
-1
35 19
0 384 1208 1 141 0 384 1208
0 468 847 1 265 0 468 847
0 538 547 1 885 0 538 547
0 590 322 1 885 0 590 322
0 352 1347 1 294 0 352 1347
0 529 586 1 854 0 529 586
0 568 416 1 349 0 568 416
0 611 232 2 618 0 0 2 359 0 611 230
0 244 1811 1 720 0 244 1811
0 352 1347 1 468 0 352 1347
0 616 211 1 507 0 616 211
0 597 291 1 503 0 597 291
0 376 1244 1 448 0 376 1244
0 389 1188 1 509 0 389 1188
0 292 1605 1 717 0 292 1605
0 270 1700 1 944 0 270 1700
0 532 572 1 20 0 532 572
0 510 666 1 984 0 510 666
0 624 175 1 632 0 624 175
-1
31 26
0 440 394 1 718 0 440 394
0 365 716 1 373 0 365 716
0 340 825 1 152 0 340 825
0 374 677 1 1044 0 374 677
0 380 652 1 965 0 380 652
0 476 238 1 150 0 476 238
0 398 575 1 216 0 398 575
0 219 1344 1 583 0 219 1344
0 273 1111 1 89 0 273 1111
0 486 194 1 119 0 486 194
0 508 100 1 917 0 508 100
0 468 272 1 257 0 468 272
0 230 1297 1 459 0 230 1297
0 381 647 1 533 0 381 647
0 390 608 1 680 0 390 608
0 261 1163 1 473 0 261 1163
0 338 833 1 583 0 338 833
0 212 1375 1 177 0 212 1375
0 249 1216 1 267 0 249 1216
0 394 591 1 119 0 394 591
0 279 1086 1 147 0 279 1086
0 214 1366 1 177 0 214 1366
0 496 152 1 307 0 496 152
0 364 719 1 686 0 364 719
0 419 483 1 267 0 419 483
0 420 480 1 683 0 420 480
-1
24 22
0 742 588 1 919 0 742 588
0 554 1400 1 936 0 554 1400
0 0 0 0
0 836 186 1 740 0 836 186
0 809 302 1 923 0 809 302
0 0 0 0
0 350 2277 1 1141 0 350 2277
0 606 1175 1 504 0 606 1175
0 605 1180 1 703 0 605 1180
0 788 391 1 915 0 788 391
0 653 972 1 758 0 653 972
0 849 130 1 384 0 849 130
0 829 216 1 294 0 829 216
0 787 397 1 228 0 787 397
0 421 1972 1 237 0 421 1972
0 780 427 1 1186 0 780 427
0 657 955 1 249 0 657 955
0 745 577 1 182 0 745 577
0 408 2027 1 438 0 408 2027
0 449 1852 1 838 0 449 1852
0 527 1516 1 543 0 527 1516
0 649 991 1 1164 0 649 991
-1
9 19
0 615 1005 1 466 0 615 1005
0 777 308 1 89 0 777 308
0 728 519 1 140 0 728 519
0 833 68 2 180 0 0 2 1000 0 833 66
0 499 1505 1 119 0 499 1505
0 595 1091 1 150 0 595 1091
0 802 200 1 429 0 802 200
0 581 1152 1 209 0 581 1152
0 558 1252 1 858 0 558 1252
0 676 744 1 24 0 676 744
0 424 1829 2 203 0 0 2 858 0 424 1827
0 665 791 1 1169 0 665 791
0 714 580 1 374 0 714 580
0 742 460 2 1135 0 0 2 405 0 742 458
0 591 1110 2 676 0 591 1108 344 0 0 2
0 682 718 2 683 0 682 716 154 0 0 2
0 580 1158 1 879 0 580 1158
0 358 2113 1 478 0 358 2113
0 803 197 1 89 0 803 197
-1
22 21
0 1042 358 1 972 0 1042 358
0 915 905 1 1101 0 915 905
0 445 2930 1 509 0 445 2930
0 1059 286 1 440 0 1059 286
0 929 847 1 395 0 929 847
0 562 2425 1 611 0 562 2425
0 1076 213 1 1137 0 1076 213
0 897 983 1 218 0 897 983
0 527 2577 1 13 0 527 2577
0 916 902 1 307 0 916 902
0 0 0 0
0 530 2563 1 270 0 530 2563
0 594 2288 1 610 0 594 2288
0 499 2697 1 891 0 499 2697
0 682 1908 1 718 0 682 1908
0 898 980 1 608 0 898 980
0 1058 291 1 177 0 1058 291
0 822 1305 1 478 0 822 1305
0 882 1047 1 1029 0 882 1047
0 526 2580 1 1177 0 526 2580
0 541 2516 1 373 0 541 2516
-1
40 20
0 364 725 1 722 0 364 725
0 478 236 1 603 0 478 236
0 509 102 1 911 0 509 102
0 0 0 0
0 418 494 1 1188 0 418 494
0 0 0 0
0 287 1058 1 341 0 287 1058
0 500 141 1 998 0 500 141
0 296 1019 1 886 0 296 1019
0 471 265 2 243 0 471 263 579 0 0 2
0 0 0 0
0 243 1247 1 1188 0 243 1247
0 299 1005 1 805 0 299 1005
0 414 511 1 1137 0 414 511
0 453 341 1 249 0 453 341
0 451 350 1 905 0 451 350
0 269 1136 1 35 0 269 1136
0 489 188 1 431 0 489 188
0 331 866 1 201 0 331 866
0 476 244 1 787 0 476 244
-1
39 22
0 850 419 1 132 0 850 419
0 688 1116 1 424 0 688 1116
0 339 2619 1 806 0 339 2619
0 613 1438 1 1108 0 613 1438
0 922 108 1 448 0 922 108
0 477 2025 1 543 0 477 2025
0 922 108 1 740 0 922 108
0 801 630 1 929 0 801 630
0 861 372 1 618 0 861 372
0 858 386 1 246 0 858 386
0 511 1879 2 1055 0 511 1877 166 0 0 2
0 743 880 1 741 0 743 880
0 809 597 1 1050 0 809 597
0 829 511 1 249 0 829 511
0 526 1815 2 446 0 0 2 131 0 526 1813
0 934 58 1 1021 0 934 58
0 722 971 2 976 0 0 2 143 0 722 969
0 788 686 1 472 0 788 686
0 549 1716 1 416 0 549 1716
0 424 2252 1 335 0 424 2252
0 476 2030 1 140 0 476 2030
0 429 2233 1 287 0 429 2233
-1
27 23
0 900 544 1 886 0 900 544
0 870 672 1 1118 0 870 672
0 374 2808 1 956 0 374 2808
0 595 1855 1 574 0 595 1855
0 768 1111 1 463 0 768 1111
0 514 2205 1 805 0 514 2205
0 970 241 1 858 0 970 241
0 748 1197 1 378 0 748 1197
0 604 1818 2 457 0 604 1816 395 0 0 2
0 980 200 1 591 0 980 200
0 827 858 1 218 0 827 858
0 621 1744 1 192 0 621 1744
0 802 963 1 1019 0 802 963
0 822 877 1 443 0 822 877
0 591 1874 2 1101 0 591 1872 917 0 0 2
0 460 2438 1 1140 0 460 2438
0 695 1425 1 1095 0 695 1425
0 754 1172 1 805 0 754 1172
0 731 1269 1 54 0 731 1269
0 700 1405 1 268 0 700 1405
0 800 975 1 325 0 800 975
0 629 1711 1 341 0 629 1711
0 355 2888 1 805 0 355 2888
-1
26 25
0 399 561 1 738 0 399 561
0 0 0 0
0 276 1091 1 765 0 276 1091
0 360 730 1 1095 0 360 730
0 0 0 0
0 432 419 1 303 0 432 419
0 352 763 1 77 0 352 763
0 453 329 2 768 0 0 2 288 0 453 327
0 287 1044 1 1037 0 287 1044
0 0 0 0
0 0 0 0
0 453 329 2 357 0 0 2 354 0 453 327
0 0 0 0
0 480 213 1 993 0 480 213
0 404 540 2 572 0 0 2 306 0 404 538
0 264 1141 1 1067 0 264 1141
0 450 341 1 4 0 450 341
0 339 819 1 769 0 339 819
0 407 527 1 243 0 407 527
0 516 58 1 494 0 516 58
0 521 36 1 468 0 521 36
0 515 61 1 122 0 515 61
0 324 883 1 232 0 324 883
0 246 1219 1 163 0 246 1219
0 519 44 1 867 0 519 44
-1
36 22
0 1039 133 1 180 0 1039 133
0 1046 102 1 57 0 1046 102
0 1041 125 1 151 0 1041 125
0 914 672 1 972 0 914 672
0 789 1211 1 180 0 789 1211
0 820 1077 1 658 0 820 1077
0 743 1408 1 168 0 743 1408
0 359 3061 1 694 0 359 3061
0 797 1175 1 25 0 797 1175
0 884 800 1 435 0 884 800
0 973 416 1 948 0 973 416
0 1057 55 1 306 0 1057 55
0 786 1222 1 942 0 786 1222
0 695 1615 2 1149 0 0 2 512 0 695 1613
0 901 727 1 773 0 901 727
0 835 1011 1 290 0 835 1011
0 970 430 1 928 0 970 430
0 986 361 1 891 0 986 361
0 732 1455 1 373 0 732 1455
0 654 1791 1 683 0 654 1791
0 858 913 1 440 0 858 913
0 1060 44 1 1169 0 1060 44
-1
20 23
0 889 1066 1 239 0 889 1066
0 1059 333 1 1185 0 1059 333
0 1127 41 1 921 0 1127 41
0 619 2227 1 201 0 619 2227
0 1048 380 1 858 0 1048 380
0 1108 122 1 1188 0 1108 122
0 727 1763 1 652 0 727 1763
0 1080 244 1 320 0 1080 244
0 0 0 0
0 1041 411 1 456 0 1041 411
0 761 1616 1 1140 0 761 1616
0 685 1944 1 339 0 685 1944
0 827 1333 1 448 0 827 1333
0 991 625 1 700 0 991 625
0 1108 122 1 1156 0 1108 122
0 790 1491 1 228 0 790 1491
0 458 2922 1 84 0 458 2922
0 593 2338 1 929 0 593 2338
0 722 1783 1 24 0 722 1783
0 455 2933 1 837 0 455 2933
0 511 2693 2 203 0 0 2 177 0 511 2691
0 814 1388 1 1029 0 814 1388
0 692 1913 1 421 0 692 1913
-1
18 22
0 658 2627 1 729 0 658 2627
0 1031 1021 2 426 0 1031 1019 167 0 0 2
0 567 3019 1 526 0 567 3019
0 1041 977 1 472 0 1041 977
0 696 2463 1 159 0 696 2463
0 1198 302 1 704 0 1198 302
0 961 1322 1 57 0 961 1322
0 1011 1107 2 437 0 0 2 87 0 1011 1105
0 1090 766 1 653 0 1090 766
0 432 3600 1 24 0 432 3600
0 634 2730 1 1140 0 634 2730
0 1007 1125 1 538 0 1007 1125
0 1053 925 1 799 0 1053 925
0 490 3350 1 238 0 490 3350
0 1160 466 1 799 0 1160 466
0 943 1400 1 306 0 943 1400
0 781 2097 1 828 0 781 2097
0 496 3325 1 465 0 496 3325
0 679 2536 1 972 0 679 2536
0 1071 849 2 509 0 1071 847 647 0 0 2
0 1108 688 1 12 0 1108 688
0 585 2941 1 306 0 585 2941
-1
17 17
0 749 458 1 124 0 749 458
0 488 1580 1 832 0 488 1580
0 739 500 1 423 0 739 500
0 0 0 0
0 653 869 1 234 0 653 869
0 762 400 1 722 0 762 400
0 449 1750 1 1132 0 449 1750
0 653 869 1 149 0 653 869
0 794 263 1 339 0 794 263
0 566 1244 1 1149 0 566 1244
0 774 350 1 846 0 774 350
0 775 344 1 1185 0 775 344
0 677 766 1 160 0 677 766
0 551 1308 1 797 0 551 1308
0 298 2400 1 1117 0 298 2400
0 832 100 1 122 0 832 100
0 381 2041 1 1152 0 381 2041
-1
14 23
0 990 719 1 297 0 990 719
0 918 1030 1 365 0 918 1030
0 773 1654 2 154 0 0 2 1188 0 773 1652
0 1096 263 1 881 0 1096 263
0 595 2419 1 24 0 595 2419
0 706 1941 1 942 0 706 1941
0 1136 91 1 13 0 1136 91
0 851 1316 1 1044 0 851 1316
0 918 1030 1 776 0 918 1030
0 935 955 1 626 0 935 955
0 1024 572 1 1193 0 1024 572
0 747 1766 1 155 0 747 1766
0 819 1455 1 558 0 819 1455
0 1002 666 1 777 0 1002 666
0 664 2122 1 503 0 664 2122
0 711 1921 2 965 0 711 1919 154 0 0 2
0 967 819 1 282 0 967 819
0 902 1097 1 181 0 902 1097
0 933 963 1 262 0 933 963
0 988 727 1 611 0 988 727
0 594 2425 1 269 0 594 2425
0 400 3261 1 614 0 400 3261
0 1096 263 1 434 0 1096 263
-1
33 23
0 594 644 1 158 0 594 644
0 697 200 1 435 0 697 200
0 601 613 1 272 0 601 613
0 543 863 1 1186 0 543 863
0 511 1000 1 999 0 511 1000
0 468 1186 1 766 0 468 1186
0 626 505 1 365 0 626 505
0 637 458 1 694 0 637 458
0 518 972 1 107 0 518 972
0 598 627 1 421 0 598 627
0 719 105 1 373 0 719 105
0 397 1491 1 371 0 397 1491
0 292 1944 1 757 0 292 1944
0 671 311 1 437 0 671 311
0 488 1100 1 653 0 488 1100
0 712 136 1 270 0 712 136
0 460 1222 1 1156 0 460 1222
0 568 755 1 1186 0 568 755
0 676 291 1 51 0 676 291
0 294 1936 1 703 0 294 1936
0 600 619 1 270 0 600 619
0 615 552 1 503 0 615 552
0 292 1944 1 57 0 292 1944
-1
1 21
0 3041 14683 1 1159 0 3041 14683
0 6004 1925 1 421 0 6004 1925
0 2828 15600 1 439 0 2828 15600
0 2468 17150 1 972 0 2468 17150
0 3886 11044 1 320 0 3886 11044
0 4604 7954 2 874 0 4604 7952 232 0 0 2
0 3742 11663 1 514 0 3742 11663
0 2813 15665 2 312 0 0 2 365 0 2813 15663
0 4863 6838 1 129 0 4863 6838
0 6082 1588 1 493 0 6082 1588
0 5999 1947 1 729 0 5999 1947
0 2533 16869 1 710 0 2533 16869
0 2477 17111 1 1105 0 2477 17111
0 3770 11544 1 297 0 3770 11544
0 6438 58 1 847 0 6438 58
0 3932 10847 1 4 0 3932 10847
0 2921 15200 1 694 0 2921 15200
0 3233 13855 1 51 0 3233 13855
0 5230 5258 1 44 0 5230 5258
0 6268 788 1 885 0 6268 788
0 2943 15105 1 885 0 2943 15105
-1
6 22
0 616 127 1 379 0 616 127
0 590 238 1 439 0 590 238
0 0 0 0
0 474 738 1 884 0 474 738
0 384 1125 1 913 0 384 1125
0 414 997 1 954 0 414 997
0 224 1813 1 304 0 224 1813
0 569 330 1 479 0 569 330
0 604 179 2 572 0 604 177 747 0 0 2
0 620 111 1 159 0 620 111
0 289 1536 1 270 0 289 1536
0 0 0 0
0 481 708 1 473 0 481 708
0 642 15 2 383 0 642 13 928 0 0 2
0 509 588 1 135 0 509 588
0 508 591 1 470 0 508 591
0 471 750 1 776 0 471 750
0 0 0 0
0 285 1552 1 132 0 285 1552
0 457 811 1 48 0 457 811
0 385 1122 1 966 0 385 1122
0 645 2 1 1112 0 645 2
-1
28 23
0 572 769 1 708 0 572 769
0 333 1797 1 431 0 333 1797
0 691 255 1 683 0 691 255
0 424 1405 1 737 0 424 1405
0 305 1919 1 947 0 305 1919
0 711 171 2 937 0 0 2 12 0 711 169
0 744 27 1 584 0 744 27
0 286 2000 1 854 0 286 2000
0 730 88 1 973 0 730 88
0 638 486 1 132 0 638 486
0 692 252 1 1067 0 692 252
0 601 644 1 47 0 601 644
0 522 983 1 384 0 522 983
0 474 1191 1 465 0 474 1191
0 657 402 1 837 0 657 402
0 340 1769 1 689 0 340 1769
0 531 944 1 65 0 531 944
0 745 25 1 182 0 745 25
0 589 697 1 967 0 589 697
0 421 1419 1 159 0 421 1419
0 0 0 0
0 466 1225 1 270 0 466 1225
0 650 433 1 828 0 650 433
-1
5 21
0 529 1319 1 557 0 529 1319
0 818 75 1 348 0 818 75
0 499 1447 1 54 0 499 1447
0 330 2175 1 947 0 330 2175
0 753 354 2 587 0 753 352 546 0 0 2
0 632 875 1 394 0 632 875
0 0 0 0
0 752 358 1 1036 0 752 358
0 468 1580 1 24 0 468 1580
0 301 2300 1 854 0 301 2300
0 680 669 1 412 0 680 669
0 748 375 1 787 0 748 375
0 783 225 1 182 0 783 225
0 659 758 1 806 0 659 758
0 292 2338 1 54 0 292 2338
0 824 47 1 65 0 824 47
0 748 375 1 742 0 748 375
0 763 311 1 738 0 763 311
0 0 0 0
0 780 238 1 507 0 780 238
0 609 975 1 944 0 609 975
-1
3 23
0 427 1511 1 1104 0 427 1511
0 765 55 1 113 0 765 55
0 656 525 1 772 0 656 525
0 582 843 2 257 0 582 841 1149 0 0 2
0 512 1144 1 42 0 512 1144
0 639 597 1 956 0 639 597
0 726 222 1 886 0 726 222
0 611 716 1 792 0 611 716
0 700 336 1 151 0 700 336
0 593 794 1 718 0 593 794
0 425 1519 1 886 0 425 1519
0 673 450 1 520 0 673 450
0 636 611 1 758 0 636 611
0 735 183 1 475 0 735 183
0 719 252 1 676 0 719 252
0 469 1330 1 790 0 469 1330
0 605 744 1 13 0 605 744
0 454 1394 1 51 0 454 1394
0 751 115 2 680 0 0 2 267 0 751 113
0 687 391 1 438 0 687 391
0 418 1550 1 689 0 418 1550
0 385 1691 1 1169 0 385 1691
0 495 1216 1 1169 0 495 1216
-1
12 21
0 714 2352 1 320 0 714 2352
0 1036 966 1 582 0 1036 966
0 942 1371 2 880 0 0 2 242 0 942 1369
0 1190 302 1 1019 0 1190 302
0 1179 350 1 390 0 1179 350
0 1009 1083 1 390 0 1009 1083
0 584 2911 1 155 0 584 2911
0 923 1452 1 461 0 923 1452
0 901 1547 1 47 0 901 1547
0 1038 958 1 142 0 1038 958
0 700 2413 1 1089 0 700 2413
0 601 2838 1 832 0 601 2838
0 709 2375 1 761 0 709 2375
0 889 1600 1 725 0 889 1600
0 896 1569 1 265 0 896 1569
0 730 2283 1 155 0 730 2283
0 653 2613 1 873 0 653 2613
0 742 2232 2 562 0 0 2 1080 0 742 2230
0 451 3485 2 163 0 451 3483 1091 0 0 2
0 603 2830 1 1030 0 603 2830
0 1203 247 1 867 0 1203 247
-1
37 22
0 723 1597 1 591 0 723 1597
0 631 1991 1 456 0 631 1991
0 826 1152 1 65 0 826 1152
0 804 1247 1 790 0 804 1247
0 514 2497 1 1000 0 514 2497
0 898 844 1 696 0 898 844
0 874 947 1 132 0 874 947
0 740 1525 1 907 0 740 1525
0 571 2250 1 769 0 571 2250
0 741 1519 1 907 0 741 1519
0 626 2015 2 766 0 626 2013 847 0 0 2
0 559 2302 1 278 0 559 2302
0 691 1733 1 743 0 691 1733
0 788 1316 1 971 0 788 1316
0 924 730 1 117 0 924 730
0 761 1433 1 320 0 761 1433
0 999 408 1 27 0 999 408
0 613 2069 1 54 0 613 2069
0 1004 386 1 463 0 1004 386
0 1092 8 1 907 0 1092 8
0 377 3086 1 421 0 377 3086
0 955 597 1 421 0 955 597
-1
11 19
0 683 2141 1 533 0 683 2141
0 1121 255 1 551 0 1121 255
0 868 1344 1 614 0 868 1344
0 1106 319 1 65 0 1106 319
0 965 927 1 837 0 965 927
0 1089 394 1 435 0 1089 394
0 1019 694 1 891 0 1019 694
0 942 1025 1 845 0 942 1025
0 1074 458 1 307 0 1074 458
0 1016 708 1 948 0 1016 708
0 1036 622 1 431 0 1036 622
0 573 2613 1 485 0 573 2613
0 1031 643 2 1031 0 0 2 357 0 1031 641
0 921 1116 1 22 0 921 1116
0 528 2808 1 1140 0 528 2808
0 749 1858 1 459 0 749 1858
0 1079 436 1 965 0 1079 436
0 1125 238 1 845 0 1125 238
0 1152 122 1 529 0 1152 122
-1
29 24
0 507 1366 1 867 0 507 1366
0 794 130 1 86 0 794 130
0 352 2033 1 139 0 352 2033
0 630 836 1 1194 0 630 836
0 478 1491 1 243 0 478 1491
0 603 952 1 1049 0 603 952
0 772 225 1 1029 0 772 225
0 681 616 1 1005 0 681 616
0 529 1272 1 1019 0 529 1272
0 562 1127 1 725 0 562 1127
0 774 216 1 867 0 774 216
0 764 258 1 109 0 764 258
0 477 1494 1 77 0 477 1494
0 669 669 1 349 0 669 669
0 595 986 1 1037 0 595 986
0 356 2016 1 1052 0 356 2016
0 580 1052 1 268 0 580 1052
0 728 413 1 134 0 728 413
0 410 1783 1 1045 0 410 1783
0 704 516 1 43 0 704 516
0 333 2113 1 257 0 333 2113
0 508 1361 1 836 0 508 1361
0 609 927 1 600 0 609 927
0 766 250 1 732 0 766 250
-1
32 21
0 805 55 1 125 0 805 55
0 463 1527 1 456 0 463 1527
0 733 363 1 743 0 733 363
0 706 480 1 516 0 706 480
0 428 1677 1 132 0 428 1677
0 495 1390 2 795 0 0 2 34 0 495 1388
0 807 47 1 468 0 807 47
0 345 2036 1 65 0 345 2036
0 272 2350 1 122 0 272 2350
0 287 2286 1 1138 0 287 2286
0 576 1041 1 76 0 576 1041
0 793 107 2 1065 0 793 105 1054 0 0 2
0 770 205 1 228 0 770 205
0 814 16 1 288 0 814 16
0 296 2247 1 287 0 296 2247
0 423 1700 1 854 0 423 1700
0 799 80 1 1163 0 799 80
0 686 566 1 1200 0 686 566
0 0 0 0
0 734 361 1 1004 0 734 361
0 0 0 0
-1
15 19
0 406 1275 1 1030 0 406 1275
0 700 11 1 565 0 700 11
0 488 922 1 1138 0 488 922
0 617 366 1 1057 0 617 366
0 669 144 1 968 0 669 144
0 635 288 1 390 0 635 288
0 435 1150 1 201 0 435 1150
0 614 380 1 701 0 614 380
0 411 1254 2 443 0 0 2 785 0 411 1252
0 412 1250 1 43 0 412 1250
0 522 775 1 867 0 522 775
0 612 388 1 574 0 612 388
0 674 122 1 811 0 674 122
0 543 686 1 228 0 543 686
0 353 1502 1 652 0 353 1502
0 608 405 1 1144 0 608 405
0 693 40 2 572 0 0 2 806 0 693 38
0 0 0 0
0 676 113 1 706 0 676 113
-1
21 18
0 734 1516 1 1142 0 734 1516
0 1050 155 1 628 0 1050 155
0 974 483 1 682 0 974 483
0 905 780 1 600 0 905 780
0 586 2152 1 737 0 586 2152
0 604 2075 1 600 0 604 2075
0 556 2283 1 355 0 556 2283
0 983 444 1 84 0 983 444
0 732 1525 1 360 0 732 1525
0 1061 108 1 378 0 1061 108
0 0 0 0
0 365 3105 1 1049 0 365 3105
0 1022 275 1 551 0 1022 275
0 706 1636 1 128 0 706 1636
0 0 0 0
0 507 2494 1 516 0 507 2494
0 725 1555 1 607 0 725 1555
0 1047 169 1 1148 0 1047 169
-1
2 29
0 269 230 1 1169 0 269 230
0 167 669 1 777 0 167 669
0 302 86 1 740 0 302 86
0 317 22 1 583 0 317 22
0 244 336 1 436 0 244 336
0 156 716 1 529 0 156 716
0 269 230 1 291 0 269 230
0 320 11 1 715 0 320 11
0 221 436 1 718 0 221 436
0 209 488 1 54 0 209 488
0 234 380 1 792 0 234 380
0 269 230 1 722 0 269 230
0 225 419 1 722 0 225 419
0 162 688 1 1200 0 162 688
0 311 47 1 971 0 311 47
0 130 827 1 436 0 130 827
0 262 258 1 349 0 262 258
0 176 630 1 1036 0 176 630
0 285 161 1 765 0 285 161
0 182 604 2 268 0 182 602 93 0 0 2
0 142 775 1 634 0 142 775
0 316 27 1 945 0 316 27
0 293 125 1 942 0 293 125
0 303 83 1 89 0 303 83
0 178 622 1 802 0 178 622
0 317 22 1 473 0 317 22
0 305 75 1 710 0 305 75
0 251 305 1 341 0 251 305
0 146 758 1 307 0 146 758
-1
8 23
0 924 716 1 440 0 924 716
0 855 1013 1 435 0 855 1013
0 743 1497 1 26 0 743 1497
0 719 1600 1 919 0 719 1600
0 646 1915 2 227 0 0 2 777 0 646 1913
0 801 1247 1 614 0 801 1247
0 925 713 1 562 0 925 713
0 902 811 1 800 0 902 811
0 658 1863 1 492 0 658 1863
0 1019 308 1 155 0 1019 308
0 876 925 1 253 0 876 925
0 905 800 1 13 0 905 800
0 590 2155 1 543 0 590 2155
0 837 1091 1 1036 0 837 1091
0 861 988 1 372 0 861 988
0 652 1888 1 373 0 652 1888
0 960 563 1 435 0 960 563
0 891 858 1 683 0 891 858
0 1015 325 1 776 0 1015 325
0 459 2719 1 1050 0 459 2719
0 548 2336 1 626 0 548 2336
0 903 808 1 793 0 903 808
0 884 888 1 435 0 884 888
-1
4 18
0 593 2088 1 490 0 593 2088
0 1041 161 1 881 0 1041 161
0 625 1952 1 297 0 625 1952
0 858 950 1 917 0 858 950
0 1000 338 1 1193 0 1000 338
0 709 1591 1 297 0 709 1591
0 765 1350 1 1140 0 765 1350
0 1055 100 1 722 0 1055 100
0 697 1641 1 448 0 697 1641
0 412 2869 1 507 0 412 2869
0 804 1180 1 1144 0 804 1180
0 1071 32 2 395 0 0 2 907 0 1071 30
0 992 372 1 1104 0 992 372
0 0 0 0
0 428 2800 1 1132 0 428 2800
0 408 2886 1 1137 0 408 2886
0 399 2925 1 610 0 399 2925
0 422 2825 1 320 0 422 2825
-1
23 23
0 405 2061 1 822 0 405 2061
0 597 1233 1 257 0 597 1233
0 467 1794 1 466 0 467 1794
0 827 244 1 881 0 827 244
0 325 2405 1 722 0 325 2405
0 825 252 1 533 0 825 252
0 320 2427 1 614 0 320 2427
0 813 302 1 151 0 813 302
0 817 286 1 879 0 817 286
0 765 511 1 766 0 765 511
0 791 399 2 372 0 791 397 1039 0 0 2
0 699 794 1 110 0 699 794
0 743 605 1 822 0 743 605
0 560 1394 1 740 0 560 1394
0 725 683 1 634 0 725 683
0 853 130 1 722 0 853 130
0 690 833 1 837 0 690 833
0 540 1480 1 633 0 540 1480
0 791 399 2 154 0 0 2 155 0 791 397
0 628 1100 1 858 0 628 1100
0 378 2177 1 886 0 378 2177
0 652 997 1 879 0 652 997
0 473 1766 1 715 0 473 1766
-1
13 22
0 480 508 1 1138 0 480 508
0 537 261 1 836 0 537 261
0 586 50 1 354 0 586 50
0 411 805 2 43 0 410 805 1030 0 1 0
0 423 752 1 26 0 423 752
0 483 494 1 805 0 483 494
0 562 152 1 844 0 562 152
0 598 0 1 836 0 598 0
0 0 0 0
0 462 585 2 1190 0 462 583 234 0 0 2
0 426 740 2 560 0 426 738 700 0 0 2
0 485 486 1 732 0 485 486
0 0 0 0
0 564 144 1 880 0 564 144
0 0 0 0
0 505 400 1 195 0 505 400
0 454 619 1 1067 0 454 619
0 492 455 1 268 0 492 455
0 552 197 1 323 0 552 197
0 283 1355 1 490 0 283 1355
0 0 0 0
0 482 497 1 1052 0 482 497
-1
25 20
0 527 677 1 1052 0 527 677
0 403 1211 1 179 0 403 1211
0 421 1133 1 355 0 421 1133
0 243 1900 1 109 0 243 1900
0 404 1205 1 1089 0 404 1205
0 488 844 1 132 0 488 844
0 483 866 1 867 0 483 866
0 330 1525 1 797 0 330 1525
0 409 1186 1 197 0 409 1186
0 668 69 1 218 0 668 69
0 365 1375 1 202 0 365 1375
0 621 272 1 806 0 621 272
0 409 1186 1 808 0 409 1186
0 591 400 1 769 0 591 400
0 506 766 1 151 0 506 766
0 684 0 1 859 0 684 0
0 457 977 1 1117 0 457 977
0 390 1266 1 378 0 390 1266
0 474 905 1 659 0 474 905
0 557 547 1 628 0 557 547
-1
38 21
0 895 666 1 948 0 895 666
0 461 2536 1 845 0 461 2536
0 528 2247 1 373 0 528 2247
0 885 711 1 1145 0 885 711
0 778 1172 1 676 0 778 1172
0 545 2175 1 47 0 545 2175
0 734 1361 1 412 0 734 1361
0 667 1650 1 1190 0 667 1650
0 604 1919 1 881 0 604 1919
0 445 2605 1 44 0 445 2605
0 734 1361 1 268 0 734 1361
0 367 2941 1 113 0 367 2941
0 660 1680 1 600 0 660 1680
0 446 2600 1 879 0 446 2600
0 971 340 2 339 0 971 338 696 0 0 2
0 456 2558 1 512 0 456 2558
0 936 491 1 879 0 936 491
0 376 2902 1 792 0 376 2902
0 464 2522 1 155 0 464 2522
0 821 986 1 772 0 821 986
0 1011 166 1 155 0 1011 166
-1
