4 56
0 730 2336 1 6 0 730 2336
0 0 0 0
0 732 2326 1 10 0 732 2326
0 0 0 0
0 0 0 0
0 0 0 0
0 0 0 0
0 0 0 0
0 1096 84 1 4 0 1096 84
0 0 0 0
0 0 0 0
0 0 0 0
0 977 815 1 6 0 977 815
0 0 0 0
0 849 1605 1 2 0 849 1605
0 0 0 0
0 0 0 0
0 0 0 0
0 0 0 0
0 0 0 0
0 0 0 0
0 887 1373 1 6 0 887 1373
0 0 0 0
0 733 2321 1 10 0 733 2321
0 0 0 0
0 0 0 0
0 0 0 0
0 0 0 0
0 0 0 0
0 0 0 0
0 0 0 0
0 0 0 0
0 0 0 0
0 874 1452 1 10 0 874 1452
0 1084 157 1 10 0 1084 157
0 0 0 0
0 0 0 0
0 0 0 0
0 0 0 0
0 0 0 0
0 1030 489 1 6 0 1030 489
0 0 0 0
0 867 1494 1 6 0 867 1494
0 0 0 0
0 0 0 0
0 0 0 0
0 0 0 0
0 1050 368 1 6 0 1050 368
0 904 1268 1 6 0 904 1268
0 0 0 0
0 0 0 0
0 0 0 0
0 0 0 0
0 0 0 0
0 871 1468 1 6 0 871 1468
0 0 0 0
-1
1 22
0 6343 13568 1 7 0 6343 13568
0 5678 17663 1 3 0 5678 17663
0 8047 3078 1 1 0 8047 3078
0 8324 1368 1 5 0 8324 1368
0 0 0 0
0 0 0 0
0 0 0 0
0 0 0 0
0 7778 4731 1 7 0 7778 4731
0 8306 1478 1 4 0 8306 1478
0 0 0 0
0 6305 13805 1 2 0 6305 13805
0 0 0 0
0 0 0 0
0 0 0 0
0 0 0 0
0 0 0 0
0 0 0 0
0 0 0 0
0 4148 27084 1 9 0 4148 27084
0 0 0 0
0 0 0 0
-1
5 57
0 0 0 0
0 0 0 0
0 0 0 0
0 714 810 1 4 0 714 810
0 0 0 0
0 0 0 0
0 0 0 0
0 0 0 0
0 0 0 0
0 0 0 0
0 0 0 0
0 0 0 0
0 0 0 0
0 0 0 0
0 0 0 0
0 0 0 0
0 0 0 0
0 0 0 0
0 833 78 1 6 0 833 78
0 0 0 0
0 0 0 0
0 0 0 0
0 0 0 0
0 0 0 0
0 0 0 0
0 0 0 0
0 0 0 0
0 0 0 0
0 0 0 0
0 0 0 0
0 0 0 0
0 0 0 0
0 0 0 0
0 0 0 0
0 0 0 0
0 0 0 0
0 0 0 0
0 0 0 0
0 0 0 0
0 0 0 0
0 0 0 0
0 0 0 0
0 0 0 0
0 0 0 0
0 0 0 0
0 0 0 0
0 0 0 0
0 0 0 0
0 0 0 0
0 0 0 0
0 0 0 0
0 810 221 1 10 0 810 221
0 0 0 0
0 0 0 0
0 0 0 0
0 0 0 0
0 0 0 0
-1
3 57
0 0 0 0
0 0 0 0
0 0 0 0
0 0 0 0
0 0 0 0
0 0 0 0
0 0 0 0
0 0 0 0
0 0 0 0
0 0 0 0
0 0 0 0
0 1606 242 1 10 0 1606 242
0 0 0 0
0 1511 831 1 10 0 1511 831
0 0 0 0
0 1499 905 1 2 0 1499 905
0 0 0 0
0 0 0 0
0 0 0 0
0 0 0 0
0 0 0 0
0 0 0 0
0 1572 452 1 6 0 1572 452
0 0 0 0
0 0 0 0
0 0 0 0
0 0 0 0
0 1541 647 1 10 0 1541 647
0 0 0 0
0 0 0 0
0 0 0 0
0 0 0 0
0 0 0 0
0 0 0 0
0 0 0 0
0 0 0 0
0 0 0 0
0 0 0 0
0 0 0 0
0 0 0 0
0 0 0 0
0 0 0 0
0 0 0 0
0 0 0 0
0 1229 2568 1 4 0 1229 2568
0 0 0 0
0 0 0 0
0 0 0 0
0 0 0 0
0 0 0 0
0 1374 1673 1 10 0 1374 1673
0 0 0 0
0 0 0 0
0 0 0 0
0 0 0 0
0 1241 2494 1 10 0 1241 2494
0 0 0 0
-1
2 59
0 352 463 1 2 0 352 463
0 0 0 0
0 0 0 0
0 0 0 0
0 0 0 0
0 0 0 0
0 0 0 0
0 0 0 0
0 289 847 1 2 0 289 847
0 0 0 0
0 0 0 0
0 0 0 0
0 0 0 0
0 0 0 0
0 0 0 0
0 0 0 0
0 0 0 0
0 0 0 0
0 0 0 0
0 0 0 0
0 0 0 0
0 0 0 0
0 0 0 0
0 0 0 0
0 267 984 1 2 0 267 984
0 0 0 0
0 0 0 0
0 0 0 0
0 0 0 0
0 0 0 0
0 0 0 0
0 0 0 0
0 0 0 0
0 0 0 0
0 0 0 0
0 0 0 0
0 0 0 0
0 0 0 0
0 0 0 0
0 0 0 0
0 0 0 0
0 0 0 0
0 0 0 0
0 0 0 0
0 0 0 0
0 0 0 0
0 0 0 0
0 0 0 0
0 0 0 0
0 0 0 0
0 0 0 0
0 0 0 0
0 0 0 0
0 0 0 0
0 0 0 0
0 0 0 0
0 0 0 0
0 0 0 0
0 0 0 0
-1
