5 45
0 2337 1100 1 528 0 2337 1100
0 2530 441 1 383 0 2530 441
0 998 5680 1 22 0 998 5680
0 1579 3693 1 226 0 1579 3693
0 2088 1951 1 188 0 2088 1951
0 2579 274 1 303 0 2579 274
0 2431 780 1 143 0 2431 780
0 2251 1396 2 203 0 2250 1396 204 0 1 0
0 2600 203 1 147 0 2600 203
0 2171 1667 1 262 0 2171 1667
0 2102 1906 2 186 0 2101 1906 160 0 1 0
0 1018 5612 2 282 0 0 3 213 0 1018 5609
0 2104 1896 1 439 0 2104 1896
0 1598 3629 1 442 0 1598 3629
0 1224 4906 1 385 0 1224 4906
0 1124 5248 1 83 0 1124 5248
0 1246 4832 1 152 0 1246 4832
0 2374 974 1 220 0 2374 974
0 2274 1316 1 331 0 2274 1316
0 1404 4290 2 444 0 1404 4290 160 0 0 0
0 1205 4970 1 199 0 1205 4970
0 1134 5212 1 353 0 1134 5212
0 999 5677 1 600 0 999 5677
0 919 5948 1 495 0 919 5948
0 1678 3354 1 89 0 1678 3354
0 1065 5451 1 268 0 1065 5451
0 2571 300 1 324 0 2571 300
0 1868 2703 1 511 0 1868 2703
0 954 5829 1 176 0 954 5829
0 950 5845 1 327 0 950 5845
0 2228 1474 1 362 0 2228 1474
0 986 5722 2 499 0 1 0 449 0 985 5722
0 2058 2054 1 80 0 2058 2054
0 2411 848 1 336 0 2411 848
0 2549 377 1 117 0 2549 377
0 1628 3525 1 338 0 1628 3525
0 2649 35 1 453 0 2649 35
0 1275 4732 1 362 0 1275 4732
0 2382 948 1 236 0 2382 948
0 1887 2641 2 582 0 1887 2638 132 0 0 3
0 2481 609 1 281 0 2481 609
0 2004 2238 1 259 0 2004 2238
0 1641 3480 1 52 0 1641 3480
0 2494 564 1 299 0 2494 564
0 2446 729 1 299 0 2446 729
-1
9 42
0 2588 638 1 347 0 2588 638
0 2477 1019 1 412 0 2477 1019
0 1717 3616 1 464 0 1717 3616
0 1010 6035 1 112 0 1010 6035
0 1444 4551 1 435 0 1444 4551
0 1009 6038 1 351 0 1009 6038
0 1953 2809 1 201 0 1953 2809
0 1478 4435 1 382 0 1478 4435
0 2419 1216 1 9 0 2419 1216
0 1619 3954 2 460 0 1618 3954 208 0 1 0
0 1325 4958 1 59 0 1325 4958
0 2349 1458 1 410 0 2349 1458
0 1390 4735 1 310 0 1390 4735
0 1770 3435 2 433 0 0 0 78 0 1770 3435
0 2074 2396 1 561 0 2074 2396
0 2392 1309 1 432 0 2392 1309
0 2050 2480 1 18 0 2050 2480
0 941 6270 1 226 0 941 6270
0 1570 4119 1 240 0 1570 4119
0 2345 1470 1 513 0 2345 1470
0 2131 2203 1 123 0 2131 2203
0 1912 2951 1 51 0 1912 2951
0 2628 503 1 562 0 2628 503
0 1922 2916 1 260 0 1922 2916
0 1955 2803 1 306 0 1955 2803
0 2586 645 2 345 0 0 0 249 0 2586 645
0 2053 2470 2 424 0 0 3 365 0 2053 2467
0 1382 4764 1 251 0 1382 4764
0 1642 3874 1 29 0 1642 3874
0 1476 4441 1 226 0 1476 4441
0 958 6212 1 402 0 958 6212
0 2669 361 1 154 0 2669 361
0 1598 4025 1 584 0 1598 4025
0 1062 5858 1 313 0 1062 5858
0 1118 5667 2 56 0 1 0 392 0 1117 5667
0 1170 5487 1 573 0 1170 5487
0 2731 151 1 209 0 2731 151
0 2678 332 1 156 0 2678 332
0 1340 4906 1 177 0 1340 4906
0 2475 1025 1 407 0 2475 1025
0 1072 5822 1 48 0 1072 5822
0 2174 2054 1 483 0 2174 2054
-1
11 37
0 3111 338 1 126 0 3111 338
0 1257 6677 1 27 0 1257 6677
0 1131 7109 1 73 0 1131 7109
0 2429 2670 1 395 0 2429 2670
0 2769 1506 1 333 0 2769 1506
0 2648 1922 1 162 0 2648 1922
0 2950 890 1 15 0 2950 890
0 1657 5309 1 493 0 1657 5309
0 2753 1561 1 541 0 2753 1561
0 1302 6525 2 72 0 1 0 168 0 1301 6525
0 2142 3651 1 287 0 2142 3651
0 2164 3577 1 18 0 2164 3577
0 2115 3745 2 440 0 1 0 471 0 2114 3745
0 1857 4625 1 165 0 1857 4625
0 1962 4267 1 579 0 1962 4267
0 2673 1835 1 210 0 2673 1835
0 1388 6229 1 298 0 1388 6229
0 2472 2522 1 6 0 2472 2522
0 1095 7232 1 472 0 1095 7232
0 2056 3945 1 310 0 2056 3945
0 2807 1377 1 110 0 2807 1377
0 2823 1322 1 14 0 2823 1322
0 1964 4261 1 99 0 1964 4261
0 1463 5974 1 245 0 1463 5974
0 1540 5709 1 511 0 1540 5709
0 1663 5290 1 233 0 1663 5290
0 1369 6293 1 304 0 1369 6293
0 1159 7012 1 216 0 1159 7012
0 2080 3864 1 14 0 2080 3864
0 3033 606 1 313 0 3033 606
0 2838 1270 1 45 0 2838 1270
0 1920 4412 2 272 0 1919 4412 2 0 1 0
0 2885 1112 2 137 0 2884 1112 247 0 1 0
0 2761 1535 1 525 0 2761 1535
0 2170 3557 2 481 0 2170 3554 504 0 0 3
0 1600 5506 1 500 0 1600 5506
0 2159 3593 1 252 0 2159 3593
-1
14 43
0 1874 2025 1 1110 0 1874 2025
0 2422 151 1 1108 0 2422 151
0 2004 1580 1 816 0 2004 1580
0 2290 603 1 642 0 2290 603
0 1380 3716 1 661 0 1380 3716
0 1135 4554 2 980 0 1135 4551 693 0 0 3
0 2002 1587 1 976 0 2002 1587
0 1726 2532 1 852 0 1726 2532
0 2228 816 1 1017 0 2228 816
0 2110 1219 1 1054 0 2110 1219
0 1594 2983 1 1062 0 1594 2983
0 2098 1261 1 734 0 2098 1261
0 1956 1745 1 1074 0 1956 1745
0 1795 2296 1 665 0 1795 2296
0 1803 2270 2 1072 0 0 3 757 0 1803 2267
0 1102 4664 1 1047 0 1102 4664
0 1933 1825 1 1173 0 1933 1825
0 1965 1716 1 913 0 1965 1716
0 2311 532 1 870 0 2311 532
0 1718 2558 1 1096 0 1718 2558
0 1262 4119 1 822 0 1262 4119
0 1816 2225 1 1044 0 1816 2225
0 1870 2038 1 1154 0 1870 2038
0 1088 4715 2 693 0 0 3 653 0 1088 4712
0 2176 993 1 719 0 2176 993
0 1419 3583 2 803 0 1 0 1105 0 1418 3583
0 1447 3487 1 850 0 1447 3487
0 940 5219 1 1039 0 940 5219
0 1557 3109 1 713 0 1557 3109
0 1114 4625 1 852 0 1114 4625
0 1163 4458 1 808 0 1163 4458
0 2405 209 1 745 0 2405 209
0 2447 67 1 982 0 2447 67
0 1770 2380 1 788 0 1770 2380
0 1473 3396 1 1186 0 1473 3396
0 2279 641 1 1085 0 2279 641
0 2334 454 2 736 0 0 3 945 0 2334 451
0 2466 3 1 714 0 2466 3
0 1397 3658 1 1000 0 1397 3658
0 835 5577 1 798 0 835 5577
0 962 5145 1 610 0 962 5145
0 2306 548 1 950 0 2306 548
0 2388 267 1 1087 0 2388 267
-1
15 46
0 3213 219 1 225 0 3213 219
0 1393 6441 1 445 0 1393 6441
0 3123 525 1 275 0 3123 525
0 2096 4038 1 29 0 2096 4038
0 2783 1690 1 126 0 2783 1690
0 2942 1145 1 165 0 2942 1145
0 2446 2841 1 307 0 2446 2841
0 3120 538 2 158 0 3119 538 326 0 1 0
0 2287 3383 1 559 0 2287 3383
0 3244 112 1 570 0 3244 112
0 1894 4729 1 546 0 1894 4729
0 3241 122 1 147 0 3241 122
0 3096 619 1 341 0 3096 619
0 2316 3287 1 226 0 2316 3287
0 2804 1616 1 593 0 2804 1616
0 3082 667 1 483 0 3082 667
0 2081 4090 1 367 0 2081 4090
0 2920 1219 1 285 0 2920 1219
0 1303 6748 1 175 0 1303 6748
0 2887 1332 1 241 0 2887 1332
0 1314 6712 1 428 0 1314 6712
0 2309 3309 1 300 0 2309 3309
0 1850 4880 1 206 0 1850 4880
0 2294 3361 1 220 0 2294 3361
0 2063 4151 1 289 0 2063 4151
0 1440 6280 1 348 0 1440 6280
0 2490 2690 1 229 0 2490 2690
0 1297 6770 1 251 0 1297 6770
0 2485 2709 2 555 0 0 3 363 0 2485 2706
0 1495 6093 1 170 0 1495 6093
0 1840 4912 1 318 0 1840 4912
0 2636 2190 1 263 0 2636 2190
0 1235 6983 2 446 0 1 0 248 0 1234 6983
0 2132 3916 1 263 0 2132 3916
0 2752 1796 2 44 0 1 0 416 0 2751 1796
0 2481 2722 1 497 0 2481 2722
0 2688 2012 1 423 0 2688 2012
0 1181 7167 1 577 0 1181 7167
0 2793 1654 1 84 0 2793 1654
0 2596 2329 1 105 0 2596 2329
0 1776 5132 1 280 0 1776 5132
0 1749 5225 1 401 0 1749 5225
0 2728 1877 1 102 0 2728 1877
0 1912 4667 1 579 0 1912 4667
0 2788 1670 1 335 0 2788 1670
0 1633 5622 1 298 0 1633 5622
-1
30 41
0 1778 3267 1 951 0 1778 3267
0 1590 3909 1 1055 0 1590 3909
0 2181 1890 1 973 0 2181 1890
0 2730 12 1 1045 0 2730 12
0 2185 1874 1 651 0 2185 1874
0 1918 2790 2 1069 0 1917 2790 1148 0 1 0
0 2225 1738 1 997 0 2225 1738
0 1284 4957 2 933 0 0 3 1124 0 1284 4954
0 2465 919 1 1134 0 2465 919
0 2235 1703 1 908 0 2235 1703
0 1203 5232 1 1135 0 1203 5232
0 1172 5338 1 704 0 1172 5338
0 1300 4903 1 819 0 1300 4903
0 2030 2406 1 706 0 2030 2406
0 2365 1261 1 656 0 2365 1261
0 2271 1583 2 710 0 2270 1583 1010 0 1 0
0 1318 4838 1 835 0 1318 4838
0 1362 4690 1 601 0 1362 4690
0 970 6029 1 994 0 970 6029
0 1408 4532 1 791 0 1408 4532
0 1211 5206 1 1020 0 1211 5206
0 2682 177 1 708 0 2682 177
0 2142 2022 1 799 0 2142 2022
0 2124 2083 1 1151 0 2124 2083
0 2575 541 1 936 0 2575 541
0 1042 5783 1 926 0 1042 5783
0 1710 3500 1 1099 0 1710 3500
0 1792 3219 1 962 0 1792 3219
0 2690 148 1 947 0 2690 148
0 1124 5503 1 1161 0 1124 5503
0 1659 3674 1 1138 0 1659 3674
0 1311 4864 1 686 0 1311 4864
0 2330 1380 1 757 0 2330 1380
0 2545 645 1 978 0 2545 645
0 1980 2577 1 640 0 1980 2577
0 1460 4354 1 733 0 1460 4354
0 964 6051 1 829 0 964 6051
0 2514 751 1 1048 0 2514 751
0 2239 1690 1 986 0 2239 1690
0 1303 4890 1 668 0 1303 4890
0 2465 919 1 989 0 2465 919
-1
31 48
0 2297 48 1 327 0 2297 48
0 1757 1893 1 451 0 1757 1893
0 2055 874 1 258 0 2055 874
0 1338 3325 1 362 0 1338 3325
0 880 4893 1 147 0 880 4893
0 2190 412 1 152 0 2190 412
0 1166 3916 1 507 0 1166 3916
0 1022 4406 1 8 0 1022 4406
0 1931 1300 1 498 0 1931 1300
0 2257 183 1 461 0 2257 183
0 1270 3558 1 533 0 1270 3558
0 1065 4261 1 542 0 1065 4261
0 2077 800 1 193 0 2077 800
0 1485 2825 2 2 0 1 0 298 0 1484 2825
0 1026 4393 1 118 0 1026 4393
0 2297 48 1 361 0 2297 48
0 2223 300 1 302 0 2223 300
0 1676 2170 1 107 0 1676 2170
0 1303 3445 1 17 0 1303 3445
0 2299 41 1 68 0 2299 41
0 963 4609 1 519 0 963 4609
0 1529 2674 1 554 0 1529 2674
0 2033 951 1 339 0 2033 951
0 1366 3232 1 365 0 1366 3232
0 2038 932 1 351 0 2038 932
0 1729 1990 1 109 0 1729 1990
0 868 4932 1 345 0 868 4932
0 1589 2467 1 362 0 1589 2467
0 1364 3238 1 10 0 1364 3238
0 1786 1793 1 129 0 1786 1793
0 1023 4403 1 443 0 1023 4403
0 2001 1058 1 321 0 2001 1058
0 859 4964 1 403 0 859 4964
0 2134 603 1 106 0 2134 603
0 2292 64 1 555 0 2292 64
0 2097 732 1 74 0 2097 732
0 778 5241 1 81 0 778 5241
0 1106 4119 1 489 0 1106 4119
0 1774 1835 1 526 0 1774 1835
0 1335 3335 1 559 0 1335 3335
0 1314 3409 1 224 0 1314 3409
0 891 4854 1 199 0 891 4854
0 1373 3206 1 393 0 1373 3206
0 1677 2167 1 231 0 1677 2167
0 800 5167 1 28 0 800 5167
0 1428 3019 1 411 0 1428 3019
0 2128 625 1 539 0 2128 625
0 1258 3600 1 67 0 1258 3600
-1
35 46
0 1864 461 1 541 0 1864 461
0 1808 651 1 414 0 1808 651
0 1576 1445 1 37 0 1576 1445
0 1663 1148 1 201 0 1663 1148
0 865 3877 1 123 0 865 3877
0 1796 693 1 344 0 1796 693
0 1556 1512 1 66 0 1556 1512
0 1609 1332 1 173 0 1609 1332
0 1768 790 2 512 0 1 0 310 0 1767 790
0 1689 1058 1 523 0 1689 1058
0 799 4103 1 577 0 799 4103
0 952 3580 2 101 0 951 3580 195 0 1 0
0 1541 1564 1 27 0 1541 1564
0 1616 1309 1 479 0 1616 1309
0 1178 2806 1 488 0 1178 2806
0 1400 2048 1 490 0 1400 2048
0 1969 100 1 228 0 1969 100
0 986 3461 1 221 0 986 3461
0 1581 1429 1 485 0 1581 1429
0 1904 322 1 522 0 1904 322
0 991 3445 1 17 0 991 3445
0 990 3448 1 530 0 990 3448
0 1712 980 1 266 0 1712 980
0 1992 22 1 49 0 1992 22
0 1913 293 1 39 0 1913 293
0 1936 212 1 264 0 1936 212
0 831 3993 1 513 0 831 3993
0 1979 67 1 467 0 1979 67
0 1331 2283 1 441 0 1331 2283
0 1697 1032 1 294 0 1697 1032
0 1042 3270 1 450 0 1042 3270
0 1823 600 1 475 0 1823 600
0 874 3845 1 141 0 874 3845
0 788 4138 1 545 0 788 4138
0 1209 2700 1 219 0 1209 2700
0 1594 1383 1 475 0 1594 1383
0 1336 2264 1 68 0 1336 2264
0 793 4122 1 196 0 793 4122
0 1753 838 1 193 0 1753 838
0 1687 1064 1 176 0 1687 1064
0 1837 554 2 348 0 1836 554 407 0 1 0
0 888 3796 1 39 0 888 3796
0 1639 1229 1 469 0 1639 1229
0 681 4506 1 255 0 681 4506
0 1720 951 1 359 0 1720 951
0 0 0 0
-1
36 46
0 1416 2300 1 905 0 1416 2300
0 1580 1738 1 1184 0 1580 1738
0 998 3729 1 1147 0 998 3729
0 1646 1509 1 1047 0 1646 1509
0 1949 477 1 1133 0 1949 477
0 1505 1993 1 714 0 1505 1993
0 1249 2870 1 903 0 1249 2870
0 843 4258 1 779 0 843 4258
0 936 3941 2 1163 0 936 3938 648 0 0 3
0 955 3874 1 1078 0 955 3874
0 767 4516 1 1060 0 767 4516
0 1011 3683 1 782 0 1011 3683
0 1365 2474 1 1115 0 1365 2474
0 725 4661 1 931 0 725 4661
0 1471 2112 2 1191 0 1 0 1037 0 1470 2112
0 1352 2516 1 635 0 1352 2516
0 1422 2277 1 868 0 1422 2277
0 0 0 0
0 2031 196 1 688 0 2031 196
0 1471 2112 2 684 0 1470 2112 989 0 1 0
0 1552 1832 1 672 0 1552 1832
0 901 4058 1 855 0 901 4058
0 1892 670 1 1083 0 1892 670
0 1877 722 1 902 0 1877 722
0 1672 1422 1 622 0 1672 1422
0 1547 1851 1 739 0 1547 1851
0 764 4529 1 860 0 764 4529
0 1665 1448 1 1157 0 1665 1448
0 1049 3554 1 1000 0 1049 3554
0 1685 1380 2 1067 0 1 0 819 0 1684 1380
0 1397 2364 1 806 0 1397 2364
0 1653 1487 1 669 0 1653 1487
0 1046 3564 1 949 0 1046 3564
0 1853 803 1 1055 0 1853 803
0 953 3883 2 962 0 952 3883 764 0 1 0
0 1545 1858 1 806 0 1545 1858
0 1325 2609 1 1067 0 1325 2609
0 1314 2648 1 1068 0 1314 2648
0 1835 864 1 918 0 1835 864
0 731 4641 1 743 0 731 4641
0 909 4032 1 1116 0 909 4032
0 1228 2941 1 669 0 1228 2941
0 715 4696 1 692 0 715 4696
0 1401 2351 2 883 0 1401 2348 982 0 0 3
0 1261 2829 1 889 0 1261 2829
0 2081 25 1 1194 0 2081 25
-1
39 41
0 2271 3483 1 241 0 2271 3483
0 1497 6132 1 385 0 1497 6132
0 2708 1990 1 351 0 2708 1990
0 1982 4474 1 342 0 1982 4474
0 2003 4400 1 442 0 2003 4400
0 3198 316 1 66 0 3198 316
0 1531 6016 1 563 0 1531 6016
0 1938 4622 1 70 0 1938 4622
0 2312 3345 1 485 0 2312 3345
0 1695 5454 1 176 0 1695 5454
0 2322 3309 1 257 0 2322 3309
0 2588 2400 1 158 0 2588 2400
0 2438 2912 1 272 0 2438 2912
0 2524 2619 1 508 0 2524 2619
0 2381 3109 1 52 0 2381 3109
0 2483 2761 1 92 0 2483 2761
0 1393 6487 1 588 0 1393 6487
0 1674 5525 1 516 0 1674 5525
0 2565 2480 1 581 0 2565 2480
0 2222 3651 1 566 0 2222 3651
0 1572 5874 1 183 0 1572 5874
0 2777 1754 1 104 0 2777 1754
0 3241 167 1 594 0 3241 167
0 2040 4274 1 572 0 2040 4274
0 1815 5045 1 453 0 1815 5045
0 1130 7387 1 513 0 1130 7387
0 2163 3854 1 385 0 2163 3854
0 1453 6283 2 87 0 1452 6283 56 0 1 0
0 1369 6570 2 176 0 1368 6570 308 0 1 0
0 1209 7116 1 204 0 1209 7116
0 3147 490 1 217 0 3147 490
0 3023 912 1 162 0 3023 912
0 2518 2641 2 196 0 1 0 336 0 2517 2641
0 1759 5235 1 392 0 1759 5235
0 2963 1119 1 72 0 2963 1119
0 1712 5396 1 119 0 1712 5396
0 3046 835 1 524 0 3046 835
0 2547 2541 1 566 0 2547 2541
0 3285 19 2 383 0 3284 19 299 0 1 0
0 1663 5564 1 59 0 1663 5564
0 3183 367 1 133 0 3183 367
-1
10 44
0 3016 729 1 1013 0 3016 729
0 3154 257 2 1133 0 3154 254 861 0 0 3
0 2037 4074 1 1059 0 2037 4074
0 2240 3380 1 875 0 2240 3380
0 2943 977 1 854 0 2943 977
0 1733 5116 1 918 0 1733 5116
0 1355 6406 1 728 0 1355 6406
0 1575 5654 1 1083 0 1575 5654
0 2707 1783 1 846 0 2707 1783
0 1571 5667 1 877 0 1571 5667
0 2294 3196 1 1177 0 2294 3196
0 3114 393 1 776 0 3114 393
0 2086 3909 2 630 0 2085 3909 1072 0 1 0
0 1328 6500 1 1048 0 1328 6500
0 2549 2325 1 643 0 2549 2325
0 3093 464 1 1060 0 3093 464
0 2035 4083 2 1000 0 1 0 892 0 2034 4083
0 2860 1261 1 824 0 2860 1261
0 2370 2935 1 1104 0 2370 2935
0 2273 3267 1 1132 0 2273 3267
0 1490 5945 1 884 0 1490 5945
0 1987 4245 1 1064 0 1987 4245
0 2546 2335 1 1157 0 2546 2335
0 2440 2696 1 885 0 2440 2696
0 1533 5800 1 963 0 1533 5800
0 1535 5793 2 751 0 1534 5793 764 0 1 0
0 3072 535 1 984 0 3072 535
0 1160 7074 1 1063 0 1160 7074
0 3081 506 1 1168 0 3081 506
0 3000 783 1 624 0 3000 783
0 2016 4148 1 902 0 2016 4148
0 1821 4812 1 935 0 1821 4812
0 2445 2680 1 928 0 2445 2680
0 1087 7322 1 1098 0 1087 7322
0 3095 458 1 765 0 3095 458
0 1362 6383 1 1103 0 1362 6383
0 2516 2438 1 1087 0 2516 2438
0 1411 6216 1 972 0 1411 6216
0 2644 2000 1 893 0 2644 2000
0 2981 848 1 703 0 2981 848
0 1750 5058 1 811 0 1750 5058
0 1829 4787 1 1055 0 1829 4787
0 1488 5951 1 791 0 1488 5951
0 1104 7264 1 1112 0 1104 7264
-1
23 43
0 2665 483 1 361 0 2665 483
0 2303 1719 1 83 0 2303 1719
0 1209 5461 1 582 0 1209 5461
0 2329 1632 1 432 0 2329 1632
0 1996 2770 1 227 0 1996 2770
0 1869 3203 1 239 0 1869 3203
0 1710 3748 1 344 0 1710 3748
0 2282 1793 1 369 0 2282 1793
0 950 6348 1 494 0 950 6348
0 1960 2893 1 116 0 1960 2893
0 1761 3574 1 106 0 1761 3574
0 2298 1738 1 217 0 2298 1738
0 2372 1483 1 17 0 2372 1483
0 2696 377 1 520 0 2696 377
0 1488 4506 1 410 0 1488 4506
0 1628 4029 1 375 0 1628 4029
0 2715 312 1 467 0 2715 312
0 2327 1638 1 152 0 2327 1638
0 2125 2329 1 198 0 2125 2329
0 1413 4764 1 213 0 1413 4764
0 1284 5203 1 42 0 1284 5203
0 2732 254 1 145 0 2732 254
0 2738 232 1 187 0 2738 232
0 1128 5738 1 59 0 1128 5738
0 2072 2509 1 581 0 2072 2509
0 2372 1483 1 133 0 2372 1483
0 2346 1574 1 145 0 2346 1574
0 2522 970 1 256 0 2522 970
0 2038 2625 1 575 0 2038 2625
0 1757 3587 1 128 0 1757 3587
0 2156 2222 1 251 0 2156 2222
0 2177 2151 1 545 0 2177 2151
0 1204 5477 1 11 0 1204 5477
0 2496 1061 1 485 0 2496 1061
0 1574 4212 1 148 0 1574 4212
0 1841 3300 1 115 0 1841 3300
0 1213 5448 1 545 0 1213 5448
0 2768 132 2 317 0 1 0 12 0 2767 132
0 2037 2629 1 266 0 2037 2629
0 1559 4264 1 305 0 1559 4264
0 2329 1632 1 113 0 2329 1632
0 1607 4100 1 56 0 1607 4100
0 2230 1970 1 344 0 2230 1970
-1
3 43
0 3514 841 1 104 0 3514 841
0 2233 5222 1 412 0 2233 5222
0 2692 3651 1 75 0 2692 3651
0 2284 5048 2 55 0 0 3 6 0 2284 5045
0 3563 674 1 201 0 3563 674
0 3457 1035 1 309 0 3457 1035
0 2949 2774 1 503 0 2949 2774
0 1272 8506 1 413 0 1272 8506
0 3514 841 1 215 0 3514 841
0 3622 470 1 446 0 3622 470
0 1858 6503 1 341 0 1858 6503
0 3315 1522 1 213 0 3315 1522
0 2200 5335 1 527 0 2200 5335
0 2341 4851 1 202 0 2341 4851
0 3624 464 1 576 0 3624 464
0 1806 6680 1 274 0 1806 6680
0 2155 5487 1 589 0 2155 5487
0 2528 4212 1 144 0 2528 4212
0 2745 3470 1 270 0 2745 3470
0 2262 5122 1 196 0 2262 5122
0 2804 3267 1 35 0 2804 3267
0 2154 5490 1 540 0 2154 5490
0 2585 4016 1 420 0 2585 4016
0 2806 3261 1 480 0 2806 3261
0 1653 7203 1 160 0 1653 7203
0 1514 7680 1 54 0 1514 7680
0 1746 6887 1 592 0 1746 6887
0 3397 1241 1 475 0 3397 1241
0 3699 209 1 543 0 3699 209
0 1979 6090 1 497 0 1979 6090
0 2148 5512 1 168 0 2148 5512
0 2359 4790 1 222 0 2359 4790
0 2048 5854 1 443 0 2048 5854
0 2499 4312 1 509 0 2499 4312
0 2922 2864 1 419 0 2922 2864
0 3050 2429 1 488 0 3050 2429
0 1572 7480 1 566 0 1572 7480
0 2825 3196 1 515 0 2825 3196
0 2019 5954 2 192 0 2019 5951 368 0 0 3
0 2848 3119 1 309 0 2848 3119
0 1350 8241 1 21 0 1350 8241
0 3231 1809 1 359 0 3231 1809
0 3319 1506 1 495 0 3319 1506
-1
16 46
0 1146 6180 1 801 0 1146 6180
0 2539 1416 1 606 0 2539 1416
0 2367 2003 1 1106 0 2367 2003
0 2103 2906 1 1105 0 2103 2906
0 1158 6138 1 1137 0 1158 6138
0 1402 5306 2 1081 0 1401 5306 693 0 1 0
0 2041 3119 1 1012 0 2041 3119
0 2380 1961 1 944 0 2380 1961
0 1875 3687 1 610 0 1875 3687
0 2704 854 3 652 0 2703 854 870 0 0 0 950 0 1 0
0 1341 5512 1 877 0 1341 5512
0 2794 545 1 674 0 2794 545
0 2561 1341 1 1192 0 2561 1341
0 2373 1983 1 1189 0 2373 1983
0 1596 4641 1 1182 0 1596 4641
0 2478 1625 1 810 0 2478 1625
0 2945 29 1 1076 0 2945 29
0 2255 2387 1 712 0 2255 2387
0 2594 1229 1 1195 0 2594 1229
0 1689 4322 1 854 0 1689 4322
0 2627 1116 1 613 0 2627 1116
0 2472 1645 1 880 0 2472 1645
0 1775 4029 1 630 0 1775 4029
0 2539 1416 1 950 0 2539 1416
0 1419 5245 1 952 0 1419 5245
0 1635 4506 1 795 0 1635 4506
0 2363 2019 1 980 0 2363 2019
0 1378 5387 1 1058 0 1378 5387
0 2682 929 1 916 0 2682 929
0 1032 6570 1 800 0 1032 6570
0 2177 2654 1 683 0 2177 2654
0 2593 1232 1 1166 0 2593 1232
0 2119 2851 1 1067 0 2119 2851
0 2768 635 2 614 0 2768 632 736 0 0 3
0 1328 5558 1 642 0 1328 5558
0 1398 5319 1 1099 0 1398 5319
0 1496 4983 1 1021 0 1496 4983
0 1137 6209 1 974 0 1137 6209
0 1459 5109 1 926 0 1459 5109
0 1399 5316 1 720 0 1399 5316
0 1695 4303 1 1004 0 1695 4303
0 1378 5387 1 739 0 1378 5387
0 1318 5590 1 888 0 1318 5590
0 1363 5438 1 838 0 1363 5438
0 1850 3774 1 759 0 1850 3774
0 2839 390 1 610 0 2839 390
-1
19 45
0 885 5619 2 399 0 884 5619 123 0 1 0
0 2506 74 1 342 0 2506 74
0 847 5748 1 548 0 847 5748
0 1894 2167 1 356 0 1894 2167
0 1661 2964 1 345 0 1661 2964
0 1453 3674 1 99 0 1453 3674
0 1650 3003 2 128 0 1649 3003 564 0 1 0
0 1779 2561 1 195 0 1779 2561
0 1625 3087 1 533 0 1625 3087
0 2159 1261 1 2 0 2159 1261
0 1793 2512 1 273 0 1793 2512
0 2113 1419 1 333 0 2113 1419
0 2096 1477 1 502 0 2096 1477
0 1460 3651 1 219 0 1460 3651
0 1138 4751 1 547 0 1138 4751
0 1783 2548 1 594 0 1783 2548
0 1633 3061 1 5 0 1633 3061
0 1049 5058 1 496 0 1049 5058
0 1914 2100 1 138 0 1914 2100
0 1961 1938 1 268 0 1961 1938
0 2303 770 2 68 0 2302 770 18 0 1 0
0 2289 816 1 344 0 2289 816
0 1236 4416 1 528 0 1236 4416
0 1052 5048 2 140 0 1051 5048 243 0 1 0
0 1005 5206 1 149 0 1005 5206
0 1437 3729 1 375 0 1437 3729
0 1530 3412 1 117 0 1530 3412
0 885 5616 1 351 0 885 5616
0 2274 867 1 396 0 2274 867
0 2076 1545 1 152 0 2076 1545
0 1859 2287 1 490 0 1859 2287
0 1009 5193 1 570 0 1009 5193
0 1925 2061 1 21 0 1925 2061
0 1748 2667 1 99 0 1748 2667
0 1255 4351 1 319 0 1255 4351
0 1463 3641 1 52 0 1463 3641
0 2368 545 1 284 0 2368 545
0 2170 1222 1 247 0 2170 1222
0 1191 4570 1 330 0 1191 4570
0 2159 1261 1 471 0 2159 1261
0 2333 667 1 8 0 2333 667
0 875 5651 1 550 0 875 5651
0 1049 5058 1 112 0 1049 5058
0 2288 819 1 163 0 2288 819
0 2087 1506 1 299 0 2087 1506
-1
20 43
0 921 3729 1 755 0 921 3729
0 1961 174 1 683 0 1961 174
0 1652 1229 1 1063 0 1652 1229
0 1079 3190 1 1175 0 1079 3190
0 1513 1706 1 1120 0 1513 1706
0 869 3909 2 837 0 868 3909 610 0 1 0
0 1954 196 1 850 0 1954 196
0 1421 2019 1 828 0 1421 2019
0 688 4525 1 902 0 688 4525
0 1983 100 1 798 0 1983 100
0 1806 703 1 1121 0 1806 703
0 1252 2599 2 847 0 1252 2596 843 0 0 3
0 1557 1554 1 1086 0 1557 1554
0 1915 332 1 609 0 1915 332
0 1675 1151 1 1045 0 1675 1151
0 1514 1703 1 1144 0 1514 1703
0 1387 2135 1 993 0 1387 2135
0 1410 2058 1 989 0 1410 2058
0 1684 1119 1 783 0 1684 1119
0 1199 2780 1 908 0 1199 2780
0 1848 561 1 1160 0 1848 561
0 854 3958 1 988 0 854 3958
0 1556 1558 1 789 0 1556 1558
0 1764 848 1 1131 0 1764 848
0 1295 2451 1 970 0 1295 2451
0 1222 2700 1 1182 0 1222 2700
0 1210 2741 1 840 0 1210 2741
0 1497 1761 1 1039 0 1497 1761
0 715 4435 1 1007 0 715 4435
0 1725 980 1 951 0 1725 980
0 1714 1019 1 619 0 1714 1019
0 1791 754 1 660 0 1791 754
0 1795 741 1 694 0 1795 741
0 1713 1022 1 1014 0 1713 1022
0 1985 90 1 1198 0 1985 90
0 1792 751 1 845 0 1792 751
0 787 4187 1 716 0 787 4187
0 1912 341 1 799 0 1912 341
0 961 3593 1 623 0 961 3593
0 1607 1383 1 1187 0 1607 1383
0 1581 1474 1 837 0 1581 1474
0 1270 2538 2 689 0 1 0 671 0 1269 2538
0 1610 1374 1 904 0 1610 1374
-1
33 47
0 2797 825 1 14 0 2797 825
0 2538 1709 1 397 0 2538 1709
0 1570 5019 1 58 0 1570 5019
0 2826 725 1 30 0 2826 725
0 1446 5445 1 409 0 1446 5445
0 1863 4019 1 119 0 1863 4019
0 1647 4758 1 148 0 1647 4758
0 2873 564 1 61 0 2873 564
0 2346 2367 1 24 0 2346 2367
0 1158 6429 1 358 0 1158 6429
0 2473 1932 1 211 0 2473 1932
0 1728 4480 1 279 0 1728 4480
0 2006 3529 1 509 0 2006 3529
0 2776 896 1 186 0 2776 896
0 2190 2900 1 430 0 2190 2900
0 1897 3903 1 396 0 1897 3903
0 2857 619 1 144 0 2857 619
0 3029 32 1 451 0 3029 32
0 2436 2058 1 382 0 2436 2058
0 2640 1361 1 197 0 2640 1361
0 2180 2935 1 198 0 2180 2935
0 1644 4767 1 235 0 1644 4767
0 1028 6874 1 421 0 1028 6874
0 1572 5012 1 466 0 1572 5012
0 2198 2874 1 563 0 2198 2874
0 1992 3577 1 225 0 1992 3577
0 2591 1529 1 345 0 2591 1529
0 1843 4087 1 193 0 1843 4087
0 2711 1119 1 452 0 2711 1119
0 1299 5948 1 359 0 1299 5948
0 1118 6567 2 390 0 1117 6567 359 0 1 0
0 2806 793 1 223 0 2806 793
0 2427 2090 1 194 0 2427 2090
0 1161 6419 1 80 0 1161 6419
0 2372 2277 1 493 0 2372 2277
0 2556 1648 1 459 0 2556 1648
0 2398 2190 1 367 0 2398 2190
0 1513 5216 1 39 0 1513 5216
0 2421 2112 2 513 0 2420 2112 504 0 1 0
0 2308 2496 1 198 0 2308 2496
0 2112 3167 1 489 0 2112 3167
0 1202 6280 2 20 0 0 3 93 0 1202 6277
0 2692 1183 1 177 0 2692 1183
0 1408 5574 1 270 0 1408 5574
0 1786 4283 2 390 0 1 0 503 0 1785 4283
0 1950 3722 1 39 0 1950 3722
0 1754 4390 1 243 0 1754 4390
-1
1 43
0 2300 3606 1 446 0 2300 3606
0 2503 2909 1 442 0 2503 2909
0 2897 1564 1 490 0 2897 1564
0 1859 5112 2 248 0 1858 5112 197 0 1 0
0 1937 4845 1 243 0 1937 4845
0 2009 4600 1 445 0 2009 4600
0 2258 3748 1 490 0 2258 3748
0 2512 2880 1 325 0 2512 2880
0 1819 5248 1 395 0 1819 5248
0 1900 4974 2 2 0 1 0 111 0 1899 4974
0 1170 7467 1 427 0 1170 7467
0 2952 1374 1 450 0 2952 1374
0 1875 5058 1 202 0 1875 5058
0 3275 270 1 58 0 3275 270
0 2085 4338 1 357 0 2085 4338
0 3113 825 1 220 0 3113 825
0 3007 1187 1 65 0 3007 1187
0 1638 5870 2 160 0 1637 5870 444 0 1 0
0 3293 209 1 564 0 3293 209
0 1758 5458 1 135 0 1758 5458
0 1627 5906 1 130 0 1627 5906
0 1589 6035 1 441 0 1589 6035
0 1372 6777 1 29 0 1372 6777
0 2646 2422 1 417 0 2646 2422
0 1192 7393 1 561 0 1192 7393
0 2573 2670 1 64 0 2573 2670
0 3066 987 1 116 0 3066 987
0 2450 3093 1 387 0 2450 3093
0 1560 6135 1 382 0 1560 6135
0 1994 4651 1 85 0 1994 4651
0 2231 3841 1 38 0 2231 3841
0 2237 3819 1 190 0 2237 3819
0 3343 38 1 473 0 3343 38
0 2595 2596 1 397 0 2595 2596
0 1305 7006 1 102 0 1305 7006
0 3098 877 1 449 0 3098 877
0 1218 7303 1 556 0 1218 7303
0 2219 3883 2 337 0 2219 3880 560 0 0 3
0 3110 835 1 389 0 3110 835
0 1141 7567 1 554 0 1141 7567
0 1279 7096 1 275 0 1279 7096
0 2054 4445 1 185 0 2054 4445
0 1431 6577 1 491 0 1431 6577
-1
26 46
0 2122 64 1 1151 0 2122 64
0 1996 496 2 778 0 1 0 792 0 1995 496
0 2010 448 1 803 0 2010 448
0 1254 3032 2 824 0 1254 3029 688 0 0 3
0 1173 3309 2 1069 0 1 0 1025 0 1172 3309
0 1723 1429 1 705 0 1723 1429
0 1292 2903 1 1101 0 1292 2903
0 914 4196 1 718 0 914 4196
0 1391 2564 1 1107 0 1391 2564
0 1381 2600 1 1000 0 1381 2600
0 1651 1674 1 842 0 1651 1674
0 1767 1277 1 877 0 1767 1277
0 1809 1135 1 670 0 1809 1135
0 1995 500 1 830 0 1995 500
0 989 3938 1 1160 0 989 3938
0 1035 3783 2 883 0 1034 3783 898 0 1 0
0 795 4603 1 706 0 795 4603
0 1911 787 1 1189 0 1911 787
0 2140 3 1 675 0 2140 3
0 0 0 0
0 1553 2012 2 645 0 1 0 692 0 1552 2012
0 1923 745 1 696 0 1923 745
0 1622 1774 1 698 0 1622 1774
0 1203 3209 2 944 0 1202 3209 797 0 1 0
0 1446 2377 1 788 0 1446 2377
0 1383 2593 1 1148 0 1383 2593
0 1460 2329 1 1001 0 1460 2329
0 1561 1983 1 961 0 1561 1983
0 1141 3419 1 934 0 1141 3419
0 954 4058 1 710 0 954 4058
0 1020 3832 1 963 0 1020 3832
0 953 4061 1 1047 0 953 4061
0 1237 3090 1 1073 0 1237 3090
0 1682 1570 1 720 0 1682 1570
0 1684 1561 1 971 0 1684 1561
0 1339 2741 1 1086 0 1339 2741
0 715 4877 1 853 0 715 4877
0 722 4851 1 1069 0 722 4851
0 1566 1967 1 998 0 1566 1967
0 1972 577 1 797 0 1972 577
0 1456 2341 1 1102 0 1456 2341
0 1103 3548 1 1030 0 1103 3548
0 1233 3106 1 1071 0 1233 3106
0 1024 3819 1 837 0 1024 3819
0 1163 3345 1 904 0 1163 3345
0 2117 80 1 1178 0 2117 80
-1
8 45
0 1828 2819 1 679 0 1828 2819
0 2377 941 1 678 0 2377 941
0 2176 1629 1 1098 0 2176 1629
0 1730 3154 1 675 0 1730 3154
0 2532 412 1 865 0 2532 412
0 2549 354 1 1010 0 2549 354
0 1635 3480 2 702 0 1634 3480 969 0 1 0
0 2367 977 2 915 0 2367 974 693 0 0 3
0 937 5867 2 681 0 936 5867 666 0 1 0
0 1165 5087 1 1113 0 1165 5087
0 1122 5232 1 1087 0 1122 5232
0 1044 5500 1 1010 0 1044 5500
0 1783 2974 1 756 0 1783 2974
0 984 5706 2 806 0 984 5703 778 0 0 3
0 2518 461 2 672 0 1 0 804 0 2517 461
0 2189 1583 1 1013 0 2189 1583
0 1554 3754 1 981 0 1554 3754
0 2526 432 1 1195 0 2526 432
0 1756 3064 1 1122 0 1756 3064
0 1209 4935 1 962 0 1209 4935
0 1392 4309 1 618 0 1392 4309
0 1586 3645 1 764 0 1586 3645
0 2339 1070 1 1054 0 2339 1070
0 1985 2283 2 764 0 1 0 906 0 1984 2283
0 932 5883 1 835 0 932 5883
0 2581 245 1 759 0 2581 245
0 975 5735 1 1110 0 975 5735
0 2086 1938 2 1118 0 1 0 630 0 2085 1938
0 1344 4474 1 713 0 1344 4474
0 2533 409 1 1169 0 2533 409
0 1098 5316 1 1011 0 1098 5316
0 2182 1609 1 835 0 2182 1609
0 2036 2106 1 1029 0 2036 2106
0 1510 3906 1 1060 0 1510 3906
0 2510 487 1 736 0 2510 487
0 950 5822 1 1191 0 950 5822
0 2265 1325 1 650 0 2265 1325
0 1489 3977 1 851 0 1489 3977
0 1948 2409 1 803 0 1948 2409
0 2534 403 1 699 0 2534 403
0 1953 2390 1 638 0 1953 2390
0 1771 3015 2 846 0 1771 3012 975 0 0 3
0 1603 3587 1 631 0 1603 3587
0 2043 2083 1 1053 0 2043 2083
0 2011 2193 1 835 0 2011 2193
-1
40 44
0 985 5658 1 911 0 985 5658
0 2052 2012 2 1095 0 2051 2012 601 0 1 0
0 1517 3838 1 930 0 1517 3838
0 2561 270 1 736 0 2561 270
0 1907 2506 1 895 0 1907 2506
0 2326 1074 1 920 0 2326 1074
0 2367 935 2 618 0 2367 932 707 0 0 3
0 2388 861 1 1031 0 2388 861
0 2635 19 2 835 0 1 0 1036 0 2634 19
0 1720 3141 1 818 0 1720 3141
0 1766 2990 1 670 0 1766 2990
0 1769 2977 1 774 0 1769 2977
0 1251 4748 1 940 0 1251 4748
0 2248 1341 1 964 0 2248 1341
0 1008 5580 1 645 0 1008 5580
0 2348 1000 1 761 0 2348 1000
0 1895 2548 1 689 0 1895 2548
0 2526 390 1 1142 0 2526 390
0 2258 1306 1 1118 0 2258 1306
0 2350 993 1 817 0 2350 993
0 1880 2600 1 737 0 1880 2600
0 1336 4458 1 1023 0 1336 4458
0 1875 2616 1 745 0 1875 2616
0 918 5887 1 842 0 918 5887
0 1219 4858 1 790 0 1219 4858
0 1569 3661 1 910 0 1569 3661
0 1298 4590 1 782 0 1298 4590
0 1376 4322 1 1188 0 1376 4322
0 1387 4286 2 1104 0 1387 4283 682 0 0 3
0 1255 4735 1 802 0 1255 4735
0 2045 2035 1 889 0 2045 2035
0 1504 3886 2 1121 0 0 3 1052 0 1504 3883
0 1732 3106 1 1188 0 1732 3106
0 2370 922 1 735 0 2370 922
0 1271 4683 2 974 0 1 0 1122 0 1270 4683
0 2620 67 1 667 0 2620 67
0 940 5812 1 829 0 940 5812
0 2069 1954 2 835 0 1 0 959 0 2068 1954
0 981 5674 1 1125 0 981 5674
0 1176 5006 1 994 0 1176 5006
0 1047 5448 1 851 0 1047 5448
0 1668 3325 2 1118 0 1 0 906 0 1667 3325
0 1568 3667 2 947 0 1 0 762 0 1567 3667
0 1793 2896 1 1065 0 1793 2896
-1
25 43
0 975 6522 1 187 0 975 6522
0 2800 283 1 300 0 2800 283
0 2294 2012 1 265 0 2294 2012
0 2602 958 1 8 0 2602 958
0 2805 264 1 574 0 2805 264
0 2190 2367 1 95 0 2190 2367
0 2432 1541 1 290 0 2432 1541
0 2687 667 1 529 0 2687 667
0 1466 4845 1 100 0 1466 4845
0 2067 2790 2 436 0 2067 2787 132 0 0 3
0 1539 4593 1 500 0 1539 4593
0 2358 1793 1 267 0 2358 1793
0 2375 1735 1 550 0 2375 1735
0 1637 4258 1 297 0 1637 4258
0 2248 2170 1 289 0 2248 2170
0 1717 3986 2 557 0 0 3 523 0 1717 3983
0 1278 5487 1 585 0 1278 5487
0 1929 3261 1 119 0 1929 3261
0 2349 1825 2 31 0 2349 1825 9 0 0 0
0 2828 187 1 67 0 2828 187
0 2237 2206 1 29 0 2237 2206
0 2300 1993 1 178 0 2300 1993
0 990 6470 1 357 0 990 6470
0 1946 3203 1 130 0 1946 3203
0 2860 77 1 278 0 2860 77
0 2655 777 1 230 0 2655 777
0 2451 1474 1 410 0 2451 1474
0 1200 5754 1 530 0 1200 5754
0 1539 4593 1 60 0 1539 4593
0 1021 6364 1 510 0 1021 6364
0 1876 3441 1 287 0 1876 3441
0 2882 3 1 502 0 2882 3
0 1638 4254 1 40 0 1638 4254
0 2546 1151 1 335 0 2546 1151
0 1431 4964 1 583 0 1431 4964
0 1175 5838 1 553 0 1175 5838
0 1109 6064 1 162 0 1109 6064
0 1138 5964 1 250 0 1138 5964
0 1154 5912 2 447 0 1153 5912 195 0 1 0
0 1048 6274 1 45 0 1048 6274
0 2883 0 1 215 0 2883 0
0 2445 1496 1 339 0 2445 1496
0 2125 2590 1 593 0 2125 2590
-1
24 43
0 868 5425 2 735 0 1 0 804 0 867 5425
0 1291 3977 1 1153 0 1291 3977
0 1931 1790 1 615 0 1931 1790
0 2344 377 1 1191 0 2344 377
0 2235 748 1 955 0 2235 748
0 1534 3145 1 959 0 1534 3145
0 1668 2687 1 976 0 1668 2687
0 1006 4951 1 992 0 1006 4951
0 2387 229 1 807 0 2387 229
0 2218 809 2 889 0 1 0 1188 0 2217 809
0 2447 25 1 811 0 2447 25
0 900 5316 1 857 0 900 5316
0 2099 1216 1 971 0 2099 1216
0 1491 3293 1 1130 0 1491 3293
0 2398 193 1 751 0 2398 193
0 2286 574 1 1126 0 2286 574
0 914 5267 1 1149 0 914 5267
0 2332 419 1 994 0 2332 419
0 1968 1661 1 609 0 1968 1661
0 2055 1364 1 738 0 2055 1364
0 2318 467 2 689 0 1 0 888 0 2317 467
0 1405 3587 1 735 0 1405 3587
0 1966 1670 1 1163 0 1966 1670
0 880 5383 1 1006 0 880 5383
0 1324 3864 1 1028 0 1324 3864
0 1977 1632 1 854 0 1977 1632
0 2203 858 1 607 0 2203 858
0 2285 580 2 989 0 1 0 863 0 2284 580
0 2021 1483 2 842 0 2020 1483 693 0 1 0
0 2369 293 2 928 0 2368 293 978 0 1 0
0 1989 1590 1 879 0 1989 1590
0 2110 1177 1 990 0 2110 1177
0 1871 1993 1 1082 0 1871 1993
0 1530 3161 1 613 0 1530 3161
0 1032 4864 1 934 0 1032 4864
0 865 5435 1 651 0 865 5435
0 1342 3803 1 848 0 1342 3803
0 1728 2483 1 958 0 1728 2483
0 2178 945 2 688 0 0 0 664 0 2178 945
0 1878 1970 1 1179 0 1878 1970
0 1239 4154 1 946 0 1239 4154
0 2298 535 1 865 0 2298 535
0 1499 3267 1 798 0 1499 3267
-1
32 46
0 1886 1625 2 1099 0 1886 1622 969 0 0 3
0 1948 1412 1 656 0 1948 1412
0 2173 641 1 1093 0 2173 641
0 1145 4158 1 1108 0 1145 4158
0 2307 183 1 1095 0 2307 183
0 2253 370 2 1113 0 1 0 697 0 2252 370
0 1731 2154 1 1059 0 1731 2154
0 2045 1080 1 698 0 2045 1080
0 2127 800 1 810 0 2127 800
0 1448 3122 2 829 0 1 0 988 0 1447 3122
0 1932 1467 1 706 0 1932 1467
0 2014 1187 1 942 0 2014 1187
0 2158 693 1 938 0 2158 693
0 1480 3012 1 762 0 1480 3012
0 2003 1225 2 889 0 1 0 1182 0 2002 1225
0 1356 3435 1 764 0 1356 3435
0 1060 4448 1 791 0 1060 4448
0 1529 2845 1 1118 0 1529 2845
0 2063 1019 1 645 0 2063 1019
0 1303 3616 1 762 0 1303 3616
0 2049 1067 1 1045 0 2049 1067
0 1229 3870 1 735 0 1229 3870
0 1833 1806 1 934 0 1833 1806
0 1795 1935 1 1194 0 1795 1935
0 2056 1041 1 987 0 2056 1041
0 1770 2019 1 1033 0 1770 2019
0 1447 3125 1 1186 0 1447 3125
0 923 4916 1 940 0 923 4916
0 2306 187 1 1013 0 2306 187
0 1230 3867 1 1124 0 1230 3867
0 1378 3361 1 1172 0 1378 3361
0 1547 2783 1 980 0 1547 2783
0 1314 3580 1 687 0 1314 3580
0 1713 2216 1 1065 0 1713 2216
0 2079 964 1 998 0 2079 964
0 1539 2809 1 745 0 1539 2809
0 2013 1190 1 660 0 2013 1190
0 1595 2619 1 947 0 1595 2619
0 1948 1412 1 606 0 1948 1412
0 1265 3748 1 739 0 1265 3748
0 1976 1316 1 844 0 1976 1316
0 1445 3132 1 812 0 1445 3132
0 1991 1264 1 643 0 1991 1264
0 2265 329 1 1124 0 2265 329
0 2297 219 1 1067 0 2297 219
0 1418 3222 1 838 0 1418 3222
-1
2 44
0 2661 1441 1 823 0 2661 1441
0 1254 6251 1 636 0 1254 6251
0 2762 1096 1 928 0 2762 1096
0 1996 3716 1 656 0 1996 3716
0 2658 1451 2 806 0 0 0 1084 0 2658 1451
0 2188 3058 1 1146 0 2188 3058
0 2598 1658 1 1114 0 2598 1658
0 1721 4654 1 805 0 1721 4654
0 2912 583 1 1016 0 2912 583
0 2083 3419 1 827 0 2083 3419
0 2624 1567 1 1099 0 2624 1567
0 1250 6267 1 764 0 1250 6267
0 1220 6370 2 1074 0 1 0 770 0 1219 6370
0 1956 3851 1 869 0 1956 3851
0 2709 1277 1 899 0 2709 1277
0 2196 3032 1 1155 0 2196 3032
0 1952 3864 1 1118 0 1952 3864
0 1131 6674 1 684 0 1131 6674
0 1991 3732 1 731 0 1991 3732
0 1148 6616 1 979 0 1148 6616
0 2609 1619 1 742 0 2609 1619
0 2137 3232 1 1009 0 2137 3232
0 2458 2135 1 860 0 2458 2135
0 1859 4183 1 848 0 1859 4183
0 1745 4574 1 921 0 1745 4574
0 2647 1490 1 1043 0 2647 1490
0 1507 5387 1 966 0 1507 5387
0 1968 3812 2 1048 0 1 0 958 0 1967 3812
0 1374 5841 1 1090 0 1374 5841
0 2505 1974 1 999 0 2505 1974
0 2183 3077 1 1023 0 2183 3077
0 2876 706 1 955 0 2876 706
0 1538 5280 1 705 0 1538 5280
0 2665 1429 1 632 0 2665 1429
0 2156 3167 1 622 0 2156 3167
0 1971 3800 1 901 0 1971 3800
0 1987 3745 1 977 0 1987 3745
0 2346 2519 1 960 0 2346 2519
0 1824 4303 1 974 0 1824 4303
0 2316 2622 1 689 0 2316 2622
0 2738 1177 1 632 0 2738 1177
0 1557 5216 1 953 0 1557 5216
0 1265 6216 1 1087 0 1265 6216
0 2822 890 1 810 0 2822 890
-1
34 42
0 3407 1193 1 1052 0 3407 1193
0 3178 1977 1 687 0 3178 1977
0 1640 7235 1 1053 0 1640 7235
0 2724 3529 1 1003 0 2724 3529
0 3308 1532 1 604 0 3308 1532
0 2711 3574 1 775 0 2711 3574
0 3690 225 1 1064 0 3690 225
0 3406 1196 2 876 0 3406 1193 1072 0 0 3
0 1506 7693 1 652 0 1506 7693
0 2322 4903 1 790 0 2322 4903
0 2930 2825 1 1034 0 2930 2825
0 3277 1638 1 629 0 3277 1638
0 1424 7974 1 1126 0 1424 7974
0 1450 7887 1 797 0 1450 7887
0 3363 1345 1 897 0 3363 1345
0 3526 787 1 690 0 3526 787
0 2964 2709 1 1145 0 2964 2709
0 2722 3535 1 896 0 2722 3535
0 1695 7048 1 681 0 1695 7048
0 2948 2764 1 788 0 2948 2764
0 1383 8116 1 735 0 1383 8116
0 3653 354 2 1176 0 0 3 1134 0 3653 351
0 1618 7312 2 610 0 1 0 734 0 1617 7312
0 3035 2467 2 998 0 1 0 1031 0 3034 2467
0 1403 8045 1 1116 0 1403 8045
0 3309 1529 1 647 0 3309 1529
0 3177 1980 1 1084 0 3177 1980
0 1630 7270 1 661 0 1630 7270
0 3611 496 1 1106 0 3611 496
0 2593 3977 1 694 0 2593 3977
0 3616 480 1 721 0 3616 480
0 1871 6445 1 1149 0 1871 6445
0 2706 3590 1 864 0 2706 3590
0 2713 3567 1 938 0 2713 3567
0 3354 1374 1 971 0 3354 1374
0 2561 4087 1 831 0 2561 4087
0 2513 4251 1 794 0 2513 4251
0 2204 5306 1 1017 0 2204 5306
0 1267 8509 1 649 0 1267 8509
0 3160 2038 1 620 0 3160 2038
0 1939 6212 1 959 0 1939 6212
0 2908 2900 1 722 0 2908 2900
-1
38 41
0 1919 641 2 835 0 1 0 797 0 1918 641
0 1450 2245 1 870 0 1450 2245
0 1455 2225 1 1091 0 1455 2225
0 1220 3029 1 928 0 1220 3029
0 2082 83 1 1108 0 2082 83
0 1959 503 1 1085 0 1959 503
0 1890 738 1 1120 0 1890 738
0 1615 1680 2 646 0 1 0 634 0 1614 1680
0 1831 941 1 947 0 1831 941
0 776 4548 1 931 0 776 4548
0 2103 12 2 895 0 2103 9 792 0 0 3
0 1279 2829 1 745 0 1279 2829
0 793 4490 1 1144 0 793 4490
0 1316 2703 1 1077 0 1316 2703
0 1814 1000 1 1196 0 1814 1000
0 1556 1880 1 891 0 1556 1880
0 1777 1125 1 1008 0 1777 1125
0 2065 141 1 628 0 2065 141
0 1077 3519 1 639 0 1077 3519
0 791 4496 1 1174 0 791 4496
0 1308 2729 1 916 0 1308 2729
0 2065 141 1 1075 0 2065 141
0 1478 2148 1 1079 0 1478 2148
0 1067 3554 2 948 0 0 3 1134 0 1067 3551
0 1357 2561 1 1062 0 1357 2561
0 1808 1019 1 886 0 1808 1019
0 1928 609 1 683 0 1928 609
0 2028 267 1 639 0 2028 267
0 1525 1987 1 953 0 1525 1987
0 1850 877 1 1086 0 1850 877
0 1511 2035 1 1194 0 1511 2035
0 1948 541 1 752 0 1948 541
0 1546 1916 1 870 0 1546 1916
0 1870 809 2 1039 0 1869 809 1164 0 1 0
0 1731 1283 1 908 0 1731 1283
0 1755 1200 1 1139 0 1755 1200
0 1742 1245 1 656 0 1742 1245
0 1673 1480 1 1034 0 1673 1480
0 1373 2506 1 638 0 1373 2506
0 2034 245 1 979 0 2034 245
0 907 4100 1 989 0 907 4100
-1
4 43
0 2028 483 1 786 0 2028 483
0 1032 3890 1 1160 0 1032 3890
0 978 4074 1 723 0 978 4074
0 1982 641 1 795 0 1982 641
0 1366 2748 1 807 0 1366 2748
0 1637 1819 1 642 0 1637 1819
0 1692 1632 1 780 0 1692 1632
0 2109 206 1 1026 0 2109 206
0 1832 1154 1 608 0 1832 1154
0 1613 1903 1 967 0 1613 1903
0 992 4025 1 729 0 992 4025
0 2043 432 1 676 0 2043 432
0 894 4361 1 1162 0 894 4361
0 1584 2000 1 954 0 1584 2000
0 1180 3383 1 1112 0 1180 3383
0 2014 532 1 714 0 2014 532
0 1328 2877 1 607 0 1328 2877
0 1058 3800 1 790 0 1058 3800
0 1149 3490 1 1079 0 1149 3490
0 1618 1886 2 890 0 1618 1883 933 0 0 3
0 818 4622 2 671 0 1 0 952 0 817 4622
0 2139 103 1 957 0 2139 103
0 1569 2051 1 780 0 1569 2051
0 1383 2690 1 805 0 1383 2690
0 1629 1848 1 709 0 1629 1848
0 1483 2348 1 1179 0 1483 2348
0 1519 2225 2 965 0 1519 2222 872 0 0 3
0 830 4580 1 719 0 830 4580
0 2048 416 1 971 0 2048 416
0 1642 1803 1 838 0 1642 1803
0 752 4848 2 604 0 1 0 1046 0 751 4848
0 783 4741 1 601 0 783 4741
0 1767 1374 1 791 0 1767 1374
0 956 4148 1 711 0 956 4148
0 1759 1403 1 733 0 1759 1403
0 1689 1641 1 1123 0 1689 1641
0 2160 32 1 946 0 2160 32
0 1660 1741 1 690 0 1660 1741
0 1313 2929 1 1023 0 1313 2929
0 2141 96 1 902 0 2141 96
0 1230 3212 1 992 0 1230 3212
0 1908 893 1 1086 0 1908 893
0 862 4470 1 1118 0 862 4470
-1
22 44
0 2347 3500 1 936 0 2347 3500
0 2188 4044 2 1008 0 2188 4041 611 0 0 3
0 3309 209 1 904 0 3309 209
0 3216 529 1 628 0 3216 529
0 2922 1529 1 654 0 2922 1529
0 2098 4351 1 766 0 2098 4351
0 2960 1403 1 1068 0 2960 1403
0 2022 4609 1 639 0 2022 4609
0 1818 5309 2 693 0 0 3 1185 0 1818 5306
0 2086 4393 2 751 0 2085 4393 794 0 1 0
0 2158 4145 1 797 0 2158 4145
0 2783 2009 1 743 0 2783 2009
0 2025 4600 1 1069 0 2025 4600
0 1966 4803 1 798 0 1966 4803
0 2628 2538 1 865 0 2628 2538
0 3072 1019 1 624 0 3072 1019
0 1993 4709 1 1165 0 1993 4709
0 1390 6770 1 681 0 1390 6770
0 2364 3441 1 862 0 2364 3441
0 2881 1674 1 783 0 2881 1674
0 2568 2741 1 904 0 2568 2741
0 1719 5645 1 1001 0 1719 5645
0 2714 2245 1 807 0 2714 2245
0 3183 641 1 629 0 3183 641
0 2307 3635 1 1183 0 2307 3635
0 2977 1345 1 1136 0 2977 1345
0 3305 222 1 1198 0 3305 222
0 1776 5451 1 813 0 1776 5451
0 1431 6632 1 677 0 1431 6632
0 1263 7206 1 1083 0 1263 7206
0 2182 4064 1 881 0 2182 4064
0 3350 70 1 1054 0 3350 70
0 1999 4690 1 995 0 1999 4690
0 2865 1729 1 934 0 2865 1729
0 1306 7058 1 609 0 1306 7058
0 3002 1258 1 922 0 3002 1258
0 1405 6719 1 908 0 1405 6719
0 2699 2296 1 623 0 2699 2296
0 1615 6003 1 1120 0 1615 6003
0 3130 822 1 912 0 3130 822
0 2059 4483 1 1010 0 2059 4483
0 1978 4761 1 766 0 1978 4761
0 2240 3864 1 997 0 2240 3864
0 2281 3725 1 1178 0 2281 3725
-1
29 42
0 1347 4587 1 242 0 1347 4587
0 1126 5341 2 311 0 1125 5341 226 0 1 0
0 1610 3687 1 276 0 1610 3687
0 1951 2522 2 537 0 1951 2519 132 0 0 3
0 1197 5100 1 279 0 1197 5100
0 2674 48 1 587 0 2674 48
0 0 0 0
0 1682 3441 1 516 0 1682 3441
0 2163 1796 1 139 0 2163 1796
0 2041 2212 1 516 0 2041 2212
0 1703 3367 1 68 0 1703 3367
0 923 6035 1 548 0 923 6035
0 1423 4325 1 82 0 1423 4325
0 1792 3064 1 369 0 1792 3064
0 1516 4009 1 327 0 1516 4009
0 2538 512 1 86 0 2538 512
0 1019 5706 1 185 0 1019 5706
0 1838 2906 1 19 0 1838 2906
0 1135 5312 2 282 0 0 3 595 0 1135 5309
0 1421 4332 1 529 0 1421 4332
0 1125 5345 1 76 0 1125 5345
0 2028 2258 1 151 0 2028 2258
0 2078 2087 1 389 0 2078 2087
0 1332 4638 1 302 0 1332 4638
0 1050 5603 1 358 0 1050 5603
0 1192 5116 1 312 0 1192 5116
0 2231 1564 1 329 0 2231 1564
0 1982 2416 1 440 0 1982 2416
0 1536 3938 1 21 0 1536 3938
0 1628 3625 1 194 0 1628 3625
0 2353 1145 1 2 0 2353 1145
0 1280 4816 1 24 0 1280 4816
0 2370 1087 1 544 0 2370 1087
0 2220 1600 1 476 0 2220 1600
0 2642 158 1 134 0 2642 158
0 2118 1951 2 256 0 2117 1951 31 0 1 0
0 1520 3996 2 33 0 1519 3996 212 0 1 0
0 1837 2912 2 210 0 1836 2912 493 0 1 0
0 2189 1706 1 11 0 2189 1706
0 2039 2219 1 370 0 2039 2219
0 2085 2061 1 579 0 2085 2061
0 2574 390 1 360 0 2574 390
-1
27 45
0 2067 2758 1 489 0 2067 2758
0 2339 1829 1 460 0 2339 1829
0 2397 1632 1 174 0 2397 1632
0 2535 1158 1 420 0 2535 1158
0 1424 4958 1 7 0 1424 4958
0 1618 4296 2 123 0 1 0 361 0 1617 4296
0 2506 1258 1 259 0 2506 1258
0 2654 754 2 206 0 2653 754 593 0 1 0
0 2662 725 1 515 0 2662 725
0 1770 3774 1 466 0 1770 3774
0 2282 2025 1 444 0 2282 2025
0 1787 3716 1 263 0 1787 3716
0 1919 3264 1 277 0 1919 3264
0 1865 3451 1 467 0 1865 3451
0 2638 806 1 451 0 2638 806
0 1770 3774 1 399 0 1770 3774
0 2410 1587 1 279 0 2410 1587
0 2461 1412 1 44 0 2461 1412
0 2470 1380 1 360 0 2470 1380
0 1413 4996 1 44 0 1413 4996
0 1295 5400 1 550 0 1295 5400
0 2641 796 1 556 0 2641 796
0 2567 1048 1 56 0 2567 1048
0 1188 5764 1 403 0 1188 5764
0 1515 4648 1 239 0 1515 4648
0 2045 2835 1 300 0 2045 2835
0 1421 4970 2 548 0 1 0 160 0 1420 4970
0 2463 1406 1 600 0 2463 1406
0 1769 3780 2 182 0 1768 3780 83 0 1 0
0 2503 1270 2 306 0 2503 1267 425 0 0 3
0 1668 4125 2 52 0 1 0 392 0 1667 4125
0 1565 4477 1 342 0 1565 4477
0 2228 2209 1 178 0 2228 2209
0 2339 1829 1 482 0 2339 1829
0 2073 2738 1 212 0 2073 2738
0 2216 2251 1 176 0 2216 2251
0 1465 4819 1 197 0 1465 4819
0 1047 6248 1 341 0 1047 6248
0 2422 1545 1 235 0 2422 1545
0 1070 6170 2 330 0 1069 6170 138 0 1 0
0 1793 3696 1 432 0 1793 3696
0 1886 3380 2 274 0 1885 3380 470 0 1 0
0 2301 1958 1 79 0 2301 1958
0 2003 2980 2 359 0 1 0 49 0 2002 2980
0 1304 5367 1 359 0 1304 5367
-1
7 44
0 2372 2406 1 369 0 2372 2406
0 1450 5561 1 393 0 1450 5561
0 2798 951 1 145 0 2798 951
0 1530 5287 1 216 0 1530 5287
0 2008 3651 1 502 0 2008 3651
0 3067 29 1 336 0 3067 29
0 1699 4709 1 495 0 1699 4709
0 1631 4941 1 556 0 1631 4941
0 3014 212 1 271 0 3014 212
0 1828 4267 1 255 0 1828 4267
0 1844 4212 1 537 0 1844 4212
0 2936 480 2 233 0 1 0 306 0 2935 480
0 3054 74 1 521 0 3054 74
0 2134 3219 1 491 0 2134 3219
0 1630 4945 1 543 0 1630 4945
0 2804 929 1 209 0 2804 929
0 1195 6432 1 82 0 1195 6432
0 1132 6648 1 476 0 1132 6648
0 1215 6364 1 70 0 1215 6364
0 1960 3816 1 479 0 1960 3816
0 1661 4838 1 129 0 1661 4838
0 1663 4832 1 285 0 1663 4832
0 2137 3209 1 225 0 2137 3209
0 2356 2461 1 515 0 2356 2461
0 1593 5070 1 419 0 1593 5070
0 1485 5441 2 245 0 1484 5441 298 0 1 0
0 1916 3967 1 60 0 1916 3967
0 1458 5532 1 523 0 1458 5532
0 1041 6958 1 379 0 1041 6958
0 2392 2338 1 191 0 2392 2338
0 1515 5338 1 519 0 1515 5338
0 1623 4967 1 542 0 1623 4967
0 1740 4567 1 277 0 1740 4567
0 1140 6619 1 185 0 1140 6619
0 1787 4406 1 457 0 1787 4406
0 2431 2206 1 168 0 2431 2206
0 2519 1903 1 453 0 2519 1903
0 1138 6625 1 339 0 1138 6625
0 1164 6538 1 185 0 1164 6538
0 1827 4270 1 264 0 1827 4270
0 3005 241 1 412 0 3005 241
0 1905 4003 1 113 0 1905 4003
0 2586 1674 1 293 0 2586 1674
0 2708 1258 1 495 0 2708 1258
-1
6 42
0 1321 6396 1 684 0 1321 6396
0 2759 1480 2 641 0 1 0 847 0 2758 1480
0 1659 5241 1 1180 0 1659 5241
0 2187 3435 1 1128 0 2187 3435
0 2836 1216 1 765 0 2836 1216
0 1312 6429 1 733 0 1312 6429
0 1422 6051 1 734 0 1422 6051
0 2907 974 1 981 0 2907 974
0 3168 80 1 1101 0 3168 80
0 2942 854 1 885 0 2942 854
0 3052 477 1 973 0 3052 477
0 2209 3361 1 937 0 2209 3361
0 2568 2132 1 684 0 2568 2132
0 3041 516 1 713 0 3041 516
0 2733 1570 1 939 0 2733 1570
0 2034 3958 1 831 0 2034 3958
0 2515 2316 1 1035 0 2515 2316
0 1613 5400 1 809 0 1613 5400
0 1755 4912 1 712 0 1755 4912
0 3110 280 1 1089 0 3110 280
0 1353 6287 1 1127 0 1353 6287
0 1999 4080 1 837 0 1999 4080
0 1771 4858 1 1126 0 1771 4858
0 2685 1735 2 1040 0 2684 1735 869 0 1 0
0 1254 6625 1 1181 0 1254 6625
0 1103 7144 2 1062 0 1103 7141 781 0 0 3
0 2982 719 1 648 0 2982 719
0 1411 6090 1 862 0 1411 6090
0 2387 2754 2 763 0 2386 2754 881 0 1 0
0 2420 2641 2 1157 0 1 0 1140 0 2419 2641
0 1369 6235 2 1137 0 1 0 1150 0 1368 6235
0 1700 5103 1 615 0 1700 5103
0 1960 4212 1 849 0 1960 4212
0 1359 6267 1 918 0 1359 6267
0 2166 3509 1 876 0 2166 3509
0 2515 2316 1 651 0 2515 2316
0 2965 777 1 1042 0 2965 777
0 2805 1322 1 699 0 2805 1322
0 1543 5638 1 1023 0 1543 5638
0 3003 645 1 1163 0 3003 645
0 2140 3596 1 1094 0 2140 3596
0 1544 5635 1 838 0 1544 5635
-1
28 40
0 1587 2396 2 717 0 1586 2396 833 0 1 0
0 1141 3919 1 1117 0 1141 3919
0 1661 2141 1 633 0 1661 2141
0 1389 3070 1 1053 0 1389 3070
0 1666 2125 1 1073 0 1666 2125
0 1495 2709 1 887 0 1495 2709
0 1147 3900 1 847 0 1147 3900
0 1282 3438 1 1195 0 1282 3438
0 1910 1290 1 1159 0 1910 1290
0 1839 1532 1 832 0 1839 1532
0 989 4438 1 1173 0 989 4438
0 1537 2567 2 977 0 1536 2567 1074 0 1 0
0 2245 145 1 1015 0 2245 145
0 1146 3903 1 885 0 1146 3903
0 813 5041 1 1109 0 813 5041
0 1162 3848 1 1103 0 1162 3848
0 1690 2041 1 1025 0 1690 2041
0 1865 1445 1 998 0 1865 1445
0 1245 3564 1 1173 0 1245 3564
0 821 5015 2 688 0 0 3 1055 0 821 5012
0 1762 1796 1 690 0 1762 1796
0 1361 3167 1 861 0 1361 3167
0 1587 2393 1 838 0 1587 2393
0 1231 3612 1 919 0 1231 3612
0 1184 3770 1 885 0 1184 3770
0 1641 2209 1 1184 0 1641 2209
0 1677 2087 1 827 0 1677 2087
0 1447 2874 1 965 0 1447 2874
0 1544 2541 1 1172 0 1544 2541
0 952 4567 2 653 0 952 4564 1143 0 0 3
0 814 5038 1 1050 0 814 5038
0 1638 2219 1 775 0 1638 2219
0 2065 761 1 1148 0 2065 761
0 1942 1180 1 1135 0 1942 1180
0 1269 3483 2 858 0 0 3 943 0 1269 3480
0 1856 1474 1 825 0 1856 1474
0 1649 2183 1 1132 0 1649 2183
0 952 4567 2 662 0 0 3 1037 0 952 4564
0 2186 345 1 730 0 2186 345
0 1413 2990 1 959 0 1413 2990
-1
12 42
0 2670 3312 2 1065 0 2669 3312 949 0 1 0
0 2560 3687 1 806 0 2560 3687
0 2611 3512 1 1044 0 2611 3512
0 2653 3370 2 1178 0 1 0 898 0 2652 3370
0 3409 783 2 991 0 3409 780 659 0 0 3
0 3229 1400 1 920 0 3229 1400
0 2754 3022 1 823 0 2754 3022
0 2306 4554 1 722 0 2306 4554
0 3607 106 1 1190 0 3607 106
0 1656 6777 1 805 0 1656 6777
0 3311 1119 1 697 0 3311 1119
0 1764 6409 1 806 0 1764 6409
0 2297 4587 1 984 0 2297 4587
0 2558 3693 1 786 0 2558 3693
0 1498 7319 1 1094 0 1498 7319
0 2242 4774 1 685 0 2242 4774
0 3328 1061 1 710 0 3328 1061
0 3441 674 1 977 0 3441 674
0 3154 1654 1 1014 0 3154 1654
0 1739 6493 1 903 0 1739 6493
0 3352 980 2 916 0 3351 980 871 0 1 0
0 3198 1506 1 873 0 3198 1506
0 1372 7748 1 696 0 1372 7748
0 1438 7522 1 1086 0 1438 7522
0 3128 1745 1 1114 0 3128 1745
0 1604 6954 1 1059 0 1604 6954
0 2145 5106 1 1135 0 2145 5106
0 3570 232 1 894 0 3570 232
0 3575 216 1 887 0 3575 216
0 2349 4409 1 1119 0 2349 4409
0 1610 6935 1 935 0 1610 6935
0 3158 1641 1 853 0 3158 1641
0 2858 2667 1 833 0 2858 2667
0 2203 4906 1 1169 0 2203 4906
0 2089 5296 1 931 0 2089 5296
0 2670 3312 2 1186 0 1 0 774 0 2669 3312
0 2376 4316 1 919 0 2376 4316
0 3227 1406 1 784 0 3227 1406
0 3435 696 2 1169 0 1 0 937 0 3434 696
0 1533 7200 1 860 0 1533 7200
0 1226 8248 1 934 0 1226 8248
0 1690 6661 1 1035 0 1690 6661
-1
13 41
0 2458 2509 1 119 0 2458 2509
0 2474 2454 1 28 0 2474 2454
0 2000 4077 2 470 0 1999 4077 243 0 1 0
0 3057 461 1 559 0 3057 461
0 2351 2874 1 144 0 2351 2874
0 2132 3625 1 385 0 2132 3625
0 2153 3554 2 163 0 2152 3554 452 0 1 0
0 1183 6870 1 289 0 1183 6870
0 1485 5835 1 48 0 1485 5835
0 1869 4525 2 150 0 0 3 217 0 1869 4522
0 3002 651 2 81 0 1 0 91 0 3001 651
0 3070 416 1 337 0 3070 416
0 1403 6116 1 83 0 1403 6116
0 2931 893 1 416 0 2931 893
0 2277 3129 1 356 0 2277 3129
0 2273 3141 1 204 0 2273 3141
0 1911 4380 1 576 0 1911 4380
0 2024 3993 1 292 0 2024 3993
0 1703 5090 1 380 0 1703 5090
0 2028 3980 1 76 0 2028 3980
0 3035 538 2 304 0 3034 538 491 0 1 0
0 3109 283 1 255 0 3109 283
0 1827 4667 1 41 0 1827 4667
0 2034 3958 1 188 0 2034 3958
0 2894 1019 1 524 0 2894 1019
0 2251 3216 1 578 0 2251 3216
0 3048 493 1 24 0 3048 493
0 2423 2629 1 350 0 2423 2629
0 2276 3132 2 244 0 0 0 353 0 2276 3132
0 2682 1745 1 358 0 2682 1745
0 1476 5867 1 450 0 1476 5867
0 2724 1600 1 170 0 2724 1600
0 1754 4916 1 218 0 1754 4916
0 2927 906 1 71 0 2927 906
0 2955 809 1 293 0 2955 809
0 2808 1312 1 222 0 2808 1312
0 2965 777 1 291 0 2965 777
0 2382 2770 1 27 0 2382 2770
0 2826 1251 1 146 0 2826 1251
0 1965 4196 1 588 0 1965 4196
0 1107 7129 1 21 0 1107 7129
-1
37 45
0 2554 2928 2 308 0 0 3 330 0 2554 2925
0 2422 3377 1 263 0 2422 3377
0 2479 3183 1 498 0 2479 3183
0 3308 348 1 33 0 3308 348
0 1828 5406 1 31 0 1828 5406
0 3018 1341 2 420 0 1 0 415 0 3017 1341
0 2555 2922 1 600 0 2555 2922
0 3357 180 1 366 0 3357 180
0 3228 622 1 50 0 3228 622
0 2094 4500 1 222 0 2094 4500
0 1988 4861 1 600 0 1988 4861
0 3387 77 1 539 0 3387 77
0 1836 5380 1 89 0 1836 5380
0 2486 3158 1 236 0 2486 3158
0 3144 909 1 576 0 3144 909
0 2487 3154 1 413 0 2487 3154
0 1824 5422 1 527 0 1824 5422
0 1947 5003 1 86 0 1947 5003
0 2679 2500 1 206 0 2679 2500
0 2330 3693 1 383 0 2330 3693
0 2852 1909 2 179 0 2852 1906 378 0 0 3
0 3220 648 1 368 0 3220 648
0 1896 5177 1 283 0 1896 5177
0 2363 3580 1 88 0 2363 3580
0 1272 7309 1 410 0 1272 7309
0 1994 4841 1 118 0 1994 4841
0 1906 5141 1 599 0 1906 5141
0 1678 5922 1 356 0 1678 5922
0 1327 7122 1 225 0 1327 7122
0 1354 7029 1 245 0 1354 7029
0 2060 4616 1 599 0 2060 4616
0 2978 1477 1 156 0 2978 1477
0 1647 6029 1 146 0 1647 6029
0 3095 1077 1 49 0 3095 1077
0 3409 3 1 84 0 3409 3
0 1749 5680 1 391 0 1749 5680
0 2753 2245 1 256 0 2753 2245
0 1161 7690 1 76 0 1161 7690
0 2494 3132 1 155 0 2494 3132
0 2626 2680 1 542 0 2626 2680
0 2609 2738 1 12 0 2609 2738
0 1958 4964 1 159 0 1958 4964
0 3189 754 1 444 0 3189 754
0 3290 409 1 357 0 3290 409
0 1604 6174 1 543 0 1604 6174
-1
17 42
0 2365 161 1 55 0 2365 161
0 1411 3422 1 253 0 1411 3422
0 1345 3648 1 66 0 1345 3648
0 2092 1093 1 538 0 2092 1093
0 1494 3138 1 85 0 1494 3138
0 2266 500 1 65 0 2266 500
0 824 5429 1 95 0 824 5429
0 1237 4016 1 476 0 1237 4016
0 846 5354 1 217 0 846 5354
0 2348 219 1 8 0 2348 219
0 2166 841 1 477 0 2166 841
0 1253 3961 1 285 0 1253 3961
0 1899 1754 1 563 0 1899 1754
0 1583 2835 1 527 0 1583 2835
0 1833 1980 1 328 0 1833 1980
0 1682 2496 1 144 0 1682 2496
0 1666 2551 1 19 0 1666 2551
0 1521 3045 1 398 0 1521 3045
0 890 5203 1 86 0 890 5203
0 1159 4283 1 275 0 1159 4283
0 1739 2300 1 151 0 1739 2300
0 1773 2183 1 537 0 1773 2183
0 1129 4387 1 501 0 1129 4387
0 2118 1006 2 487 0 2117 1006 138 0 1 0
0 2261 516 1 497 0 2261 516
0 2296 396 1 290 0 2296 396
0 1573 2867 1 529 0 1573 2867
0 961 4961 1 571 0 961 4961
0 2375 125 1 283 0 2375 125
0 2061 1200 1 63 0 2061 1200
0 1650 2606 1 568 0 1650 2606
0 1519 3054 2 562 0 1 0 524 0 1518 3054
0 2055 1219 1 67 0 2055 1219
0 1253 3961 1 230 0 1253 3961
0 1041 4687 1 85 0 1041 4687
0 1833 1980 1 230 0 1833 1980
0 808 5483 1 340 0 808 5483
0 1040 4690 1 391 0 1040 4690
0 1613 2732 1 321 0 1613 2732
0 2155 877 1 188 0 2155 877
0 1512 3077 1 7 0 1512 3077
0 1465 3238 1 33 0 1465 3238
-1
18 46
0 3460 922 2 1148 0 1 0 1027 0 3459 922
0 3560 580 1 789 0 3560 580
0 1807 6574 1 1153 0 1807 6574
0 2996 2509 1 929 0 2996 2509
0 3699 106 1 864 0 3699 106
0 2429 4448 1 698 0 2429 4448
0 3513 741 1 721 0 3513 741
0 2639 3729 1 783 0 2639 3729
0 2075 5658 1 831 0 2075 5658
0 3406 1106 1 940 0 3406 1106
0 3495 803 1 829 0 3495 803
0 1886 6303 1 717 0 1886 6303
0 1578 7358 1 795 0 1578 7358
0 2241 5090 1 748 0 2241 5090
0 1500 7625 1 670 0 1500 7625
0 3182 1874 1 991 0 3182 1874
0 2089 5609 1 606 0 2089 5609
0 2405 4529 1 1059 0 2405 4529
0 2735 3400 1 814 0 2735 3400
0 3075 2238 1 737 0 3075 2238
0 1410 7932 1 1064 0 1410 7932
0 2891 2867 1 1015 0 2891 2867
0 3285 1522 2 969 0 1 0 1014 0 3284 1522
0 2526 4116 1 859 0 2526 4116
0 3663 229 1 1151 0 3663 229
0 1512 7583 1 1140 0 1512 7583
0 2646 3706 2 1097 0 0 0 1088 0 2646 3706
0 2183 5290 1 879 0 2183 5290
0 2486 4254 2 1072 0 0 3 1031 0 2486 4251
0 1416 7912 1 1118 0 1416 7912
0 1268 8419 2 1178 0 1 0 1160 0 1267 8419
0 1564 7406 1 1185 0 1564 7406
0 3677 180 1 1153 0 3677 180
0 3593 467 1 856 0 3593 467
0 2376 4629 1 1076 0 2376 4629
0 3625 358 1 1128 0 3625 358
0 2912 2796 1 920 0 2912 2796
0 3294 1490 1 674 0 3294 1490
0 1332 8200 1 833 0 1332 8200
0 2083 5632 1 976 0 2083 5632
0 3253 1629 1 665 0 3253 1629
0 1941 6116 1 629 0 1941 6116
0 1250 8480 1 1098 0 1250 8480
0 1337 8180 1 870 0 1337 8180
0 1266 8425 1 1087 0 1266 8425
0 2705 3503 1 612 0 2705 3503
-1
21 41
0 2568 1196 2 468 0 2567 1196 530 0 1 0
0 1540 4709 1 218 0 1540 4709
0 2637 958 1 100 0 2637 958
0 2260 2248 1 186 0 2260 2248
0 2879 132 1 510 0 2879 132
0 1700 4164 1 432 0 1700 4164
0 1389 5225 1 140 0 1389 5225
0 2881 125 1 283 0 2881 125
0 1548 4683 1 268 0 1548 4683
0 1080 6283 1 551 0 1080 6283
0 972 6651 1 208 0 972 6651
0 2898 67 1 588 0 2898 67
0 1891 3509 1 591 0 1891 3509
0 2486 1474 1 109 0 2486 1474
0 1894 3500 1 551 0 1894 3500
0 2463 1554 1 251 0 2463 1554
0 2224 2370 1 507 0 2224 2370
0 2778 477 1 459 0 2778 477
0 1774 3909 1 483 0 1774 3909
0 2661 877 1 411 0 2661 877
0 2045 2983 2 151 0 2044 2983 56 0 1 0
0 2520 1358 1 491 0 2520 1358
0 2149 2629 1 283 0 2149 2629
0 2722 667 1 92 0 2722 667
0 1524 4764 1 369 0 1524 4764
0 1997 3148 1 34 0 1997 3148
0 2595 1103 1 335 0 2595 1103
0 1966 3254 1 582 0 1966 3254
0 1076 6296 1 510 0 1076 6296
0 2558 1229 1 108 0 2558 1229
0 1784 3874 1 520 0 1784 3874
0 2402 1764 2 375 0 1 0 10 0 2401 1764
0 1385 5241 2 528 0 1384 5241 56 0 1 0
0 1094 6235 1 240 0 1094 6235
0 2848 238 1 134 0 2848 238
0 1868 3587 1 454 0 1868 3587
0 2283 2170 1 192 0 2283 2170
0 2004 3122 1 17 0 2004 3122
0 2768 512 2 301 0 2767 512 423 0 1 0
0 2250 2283 1 301 0 2250 2283
0 1561 4638 1 44 0 1561 4638
-1
