7 51
0 1388 170 2 38 0 1388 170 81 0 0 0
0 1112 1774 1 21 0 1112 1774
0 700 4167 1 72 0 700 4167
0 1000 2425 1 10 0 1000 2425
0 1147 1570 1 46 0 1147 1570
0 1198 1274 1 45 0 1198 1274
0 743 3916 1 34 0 743 3916
0 1417 3 1 72 0 1417 3
0 997 2441 1 93 0 997 2441
0 779 3706 1 24 0 779 3706
0 591 4800 1 60 0 591 4800
0 1288 751 1 36 0 1288 751
0 1360 335 2 81 0 0 0 44 0 1360 335
0 1295 712 1 72 0 1295 712
0 1071 2012 1 11 0 1071 2012
0 567 4938 1 67 0 567 4938
0 1086 1922 1 39 0 1086 1922
0 1340 451 1 83 0 1340 451
0 1262 903 1 21 0 1262 903
0 1324 541 1 12 0 1324 541
0 1232 1077 1 11 0 1232 1077
0 1012 2354 1 36 0 1012 2354
0 744 3909 1 97 0 744 3909
0 1073 2000 1 26 0 1073 2000
0 846 3319 1 98 0 846 3319
0 885 3093 1 26 0 885 3093
0 1257 932 1 82 0 1257 932
0 1413 25 1 4 0 1413 25
0 1271 851 1 65 0 1271 851
0 570 4922 1 55 0 570 4922
0 575 4893 1 47 0 575 4893
0 873 3161 1 10 0 873 3161
0 499 5332 1 97 0 499 5332
0 529 5158 1 72 0 529 5158
0 932 2819 1 61 0 932 2819
0 1328 519 1 65 0 1328 519
0 774 3735 1 29 0 774 3735
0 781 3696 1 97 0 781 3696
0 522 5200 1 51 0 522 5200
0 492 5374 1 33 0 492 5374
0 839 3358 1 22 0 839 3358
0 1240 1032 1 100 0 1240 1032
0 1206 1229 1 62 0 1206 1229
0 821 3464 1 50 0 821 3464
0 1389 164 1 98 0 1389 164
0 1320 567 1 89 0 1320 567
0 893 3045 1 54 0 893 3045
0 1064 2051 1 50 0 1064 2051
0 554 5012 1 19 0 554 5012
0 694 4200 1 19 0 694 4200
0 1314 600 1 93 0 1314 600
-1
8 52
0 1602 2764 1 115 0 1602 2764
0 732 7816 1 198 0 732 7816
0 1931 854 1 179 0 1931 854
0 1767 1806 1 169 0 1767 1806
0 2048 174 1 113 0 2048 174
0 1892 1080 1 168 0 1892 1080
0 1820 1500 1 189 0 1820 1500
0 1643 2525 1 108 0 1643 2525
0 1743 1945 1 180 0 1743 1945
0 1187 5174 1 112 0 1187 5174
0 1540 3125 1 150 0 1540 3125
0 1699 2200 1 178 0 1699 2200
0 1215 5012 1 191 0 1215 5012
0 1743 1945 1 127 0 1743 1945
0 1884 1125 1 179 0 1884 1125
0 1938 812 1 136 0 1938 812
0 2006 419 1 169 0 2006 419
0 1165 5303 1 112 0 1165 5303
0 1909 980 1 148 0 1909 980
0 1663 2409 1 159 0 1663 2409
0 1199 5103 1 118 0 1199 5103
0 1352 4216 1 195 0 1352 4216
0 2077 6 1 158 0 2077 6
0 1737 1980 1 153 0 1737 1980
0 1382 4041 1 196 0 1382 4041
0 1908 987 1 131 0 1908 987
0 1987 529 1 118 0 1987 529
0 924 6700 1 164 0 924 6700
0 997 6277 1 105 0 997 6277
0 873 6996 1 155 0 873 6996
0 816 7329 1 112 0 816 7329
0 1908 987 1 172 0 1908 987
0 1030 6087 1 122 0 1030 6087
0 1060 5912 1 110 0 1060 5912
0 1105 5651 1 193 0 1105 5651
0 881 6951 1 122 0 881 6951
0 1872 1196 1 145 0 1872 1196
0 2065 77 1 181 0 2065 77
0 1263 4732 1 179 0 1263 4732
0 1431 3758 1 106 0 1431 3758
0 1096 5703 1 161 0 1096 5703
0 1024 6119 1 116 0 1024 6119
0 1520 3241 1 102 0 1520 3241
0 778 7548 1 106 0 778 7548
0 1448 3658 1 194 0 1448 3658
0 1338 4296 1 141 0 1338 4296
0 1218 4993 1 189 0 1218 4993
0 1433 3745 1 161 0 1433 3745
0 1062 5900 1 125 0 1062 5900
0 1156 5354 1 188 0 1156 5354
0 849 7135 1 186 0 849 7135
0 938 6619 1 198 0 938 6619
-1
10 50
0 1114 5261 1 162 0 1114 5261
0 1108 5296 1 178 0 1108 5296
0 1230 4590 1 189 0 1230 4590
0 808 7038 1 132 0 808 7038
0 1716 1767 1 120 0 1716 1767
0 1278 4309 1 180 0 1278 4309
0 1962 338 1 159 0 1962 338
0 1037 5709 1 196 0 1037 5709
0 1479 3141 1 163 0 1479 3141
0 1149 5058 1 110 0 1149 5058
0 1723 1725 1 137 0 1723 1725
0 1239 4535 1 140 0 1239 4535
0 1619 2329 1 155 0 1619 2329
0 1498 3032 1 140 0 1498 3032
0 701 7661 1 118 0 701 7661
0 1864 906 1 140 0 1864 906
0 975 6070 1 185 0 975 6070
0 1208 4716 1 195 0 1208 4716
0 1348 3903 1 124 0 1348 3903
0 1621 2319 1 186 0 1621 2319
0 1543 2770 1 155 0 1543 2770
0 1012 5854 1 163 0 1012 5854
0 1491 3074 1 101 0 1491 3074
0 1794 1312 1 162 0 1794 1312
0 2002 106 1 177 0 2002 106
0 1174 4912 1 199 0 1174 4912
0 780 7203 1 121 0 780 7203
0 1041 5687 1 123 0 1041 5687
0 1379 3722 1 145 0 1379 3722
0 1451 3306 1 107 0 1451 3306
0 1035 5722 1 105 0 1035 5722
0 1972 280 1 123 0 1972 280
0 1710 1803 1 159 0 1710 1803
0 1840 1048 1 189 0 1840 1048
0 809 7032 1 148 0 809 7032
0 1640 2209 1 113 0 1640 2209
0 1004 5900 1 131 0 1004 5900
0 1362 3822 1 200 0 1362 3822
0 1391 3654 1 138 0 1391 3654
0 1067 5535 1 160 0 1067 5535
0 936 6296 1 149 0 936 6296
0 1695 1890 1 131 0 1695 1890
0 1129 5174 1 144 0 1129 5174
0 773 7241 1 158 0 773 7241
0 941 6267 1 183 0 941 6267
0 852 6783 1 165 0 852 6783
0 804 7061 1 182 0 804 7061
0 1278 4309 1 193 0 1278 4309
0 1992 164 1 168 0 1992 164
0 1878 825 1 143 0 1878 825
-1
13 48
0 1378 3232 1 85 0 1378 3232
0 1330 3512 1 19 0 1330 3512
0 1481 2635 1 58 0 1481 2635
0 874 6158 1 39 0 874 6158
0 1826 632 1 4 0 1826 632
0 1632 1758 1 77 0 1632 1758
0 1131 4667 1 87 0 1131 4667
0 1465 2729 1 32 0 1465 2729
0 1854 467 1 78 0 1854 467
0 1934 3 1 68 0 1934 3
0 1928 38 1 64 0 1928 38
0 1442 2861 1 18 0 1442 2861
0 1199 4270 1 8 0 1199 4270
0 1920 87 1 36 0 1920 87
0 747 6896 1 38 0 747 6896
0 948 5729 2 81 0 0 0 84 0 948 5729
0 1781 893 1 7 0 1781 893
0 1747 1090 1 10 0 1747 1090
0 1119 4735 1 12 0 1119 4735
0 1465 2729 1 35 0 1465 2729
0 1087 4922 1 55 0 1087 4922
0 1859 438 1 99 0 1859 438
0 1417 3006 1 21 0 1417 3006
0 861 6235 1 51 0 861 6235
0 1178 4393 1 88 0 1178 4393
0 915 5922 1 80 0 915 5922
0 1868 387 1 35 0 1868 387
0 794 6622 1 82 0 794 6622
0 1260 3919 1 18 0 1260 3919
0 1924 61 1 60 0 1924 61
0 1149 4561 1 34 0 1149 4561
0 1571 2112 1 81 0 1571 2112
0 677 7303 1 30 0 677 7303
0 1140 4616 1 19 0 1140 4616
0 1617 1845 1 59 0 1617 1845
0 1461 2751 1 90 0 1461 2751
0 932 5822 1 54 0 932 5822
0 1213 4190 1 7 0 1213 4190
0 1736 1154 1 9 0 1736 1154
0 924 5867 1 5 0 924 5867
0 731 6990 1 100 0 731 6990
0 1640 1712 2 85 0 1640 1712 81 0 0 0
0 1545 2264 1 94 0 1545 2264
0 1180 4383 1 65 0 1180 4383
0 812 6519 1 70 0 812 6519
0 1931 22 1 52 0 1931 22
0 727 7012 2 81 0 0 0 1 0 727 7012
0 970 5603 1 25 0 970 5603
-1
2 52
0 994 1664 1 102 0 994 1664
0 505 4506 1 121 0 505 4506
0 534 4335 1 173 0 534 4335
0 837 2577 1 135 0 837 2577
0 1058 1293 1 197 0 1058 1293
0 1249 183 1 178 0 1249 183
0 1133 858 1 192 0 1133 858
0 1013 1554 1 123 0 1013 1554
0 1118 945 1 183 0 1118 945
0 594 3987 1 116 0 594 3987
0 778 2919 1 130 0 778 2919
0 1081 1161 1 108 0 1081 1161
0 807 2751 1 112 0 807 2751
0 1098 1061 1 196 0 1098 1061
0 1075 1196 1 189 0 1075 1196
0 1208 422 1 162 0 1208 422
0 930 2038 1 167 0 930 2038
0 749 3087 1 108 0 749 3087
0 921 2090 1 200 0 921 2090
0 1202 458 1 166 0 1202 458
0 1158 712 1 105 0 1158 712
0 1046 1364 1 161 0 1046 1364
0 696 3396 1 114 0 696 3396
0 679 3493 1 189 0 679 3493
0 576 4093 1 153 0 576 4093
0 559 4190 1 119 0 559 4190
0 1224 329 1 163 0 1224 329
0 859 2448 1 102 0 859 2448
0 1271 58 1 148 0 1271 58
0 1190 529 1 165 0 1190 529
0 970 1806 1 186 0 970 1806
0 956 1887 1 196 0 956 1887
0 1169 648 1 188 0 1169 648
0 541 4296 1 139 0 541 4296
0 0 0 0
0 681 3483 1 167 0 681 3483
0 1245 209 1 149 0 1245 209
0 1011 1567 1 160 0 1011 1567
0 610 3896 1 167 0 610 3896
0 462 4754 1 136 0 462 4754
0 635 3751 1 171 0 635 3751
0 1050 1341 1 140 0 1050 1341
0 592 4000 1 170 0 592 4000
0 1134 851 1 103 0 1134 851
0 1113 974 1 192 0 1113 974
0 1203 451 1 136 0 1203 451
0 914 2129 1 196 0 914 2129
0 925 2067 1 132 0 925 2067
0 893 2251 1 111 0 893 2251
0 1079 1170 1 157 0 1079 1170
0 953 1903 1 101 0 953 1903
0 1024 1490 1 193 0 1024 1490
-1
14 53
0 1813 54 1 199 0 1813 54
0 1215 3529 1 132 0 1215 3529
0 1403 2435 1 134 0 1403 2435
0 730 6345 1 172 0 730 6345
0 1698 722 1 197 0 1698 722
0 1366 2651 1 186 0 1366 2651
0 1301 3029 1 155 0 1301 3029
0 1132 4009 1 110 0 1132 4009
0 1482 1977 1 143 0 1482 1977
0 1543 1622 1 200 0 1543 1622
0 1355 2716 1 134 0 1355 2716
0 703 6500 1 178 0 703 6500
0 1587 1367 1 197 0 1587 1367
0 1676 851 1 195 0 1676 851
0 749 6232 1 163 0 749 6232
0 1145 3932 1 123 0 1145 3932
0 1625 1145 1 185 0 1625 1145
0 1146 3929 1 104 0 1146 3929
0 1070 4370 1 159 0 1070 4370
0 825 5793 1 149 0 825 5793
0 1651 996 1 174 0 1651 996
0 1688 780 1 195 0 1688 780
0 1503 1854 1 172 0 1503 1854
0 877 5490 1 167 0 877 5490
0 1573 1448 1 148 0 1573 1448
0 993 4816 1 110 0 993 4816
0 1040 4545 1 196 0 1040 4545
0 756 6193 1 104 0 756 6193
0 1405 2425 1 196 0 1405 2425
0 922 5229 1 112 0 922 5229
0 1414 2370 1 104 0 1414 2370
0 989 4838 1 195 0 989 4838
0 1698 722 1 169 0 1698 722
0 613 7022 1 161 0 613 7022
0 1574 1441 1 134 0 1574 1441
0 882 5461 1 142 0 882 5461
0 1661 938 1 184 0 1661 938
0 1051 4480 1 183 0 1051 4480
0 878 5483 1 124 0 878 5483
0 1807 90 1 169 0 1807 90
0 1472 2035 1 126 0 1472 2035
0 725 6374 1 146 0 725 6374
0 1284 3128 2 128 0 1284 3125 147 0 0 3
0 1393 2493 1 105 0 1393 2493
0 1539 1645 1 131 0 1539 1645
0 1679 832 1 145 0 1679 832
0 1520 1758 1 127 0 1520 1758
0 1297 3051 1 139 0 1297 3051
0 1207 3574 1 170 0 1207 3574
0 1203 3596 1 150 0 1203 3596
0 1702 700 1 142 0 1702 700
0 1391 2506 1 121 0 1391 2506
0 1388 2522 1 166 0 1388 2522
-1
15 52
0 911 1867 1 78 0 911 1867
0 759 2748 1 28 0 759 2748
0 1196 209 1 77 0 1196 209
0 455 4516 1 13 0 455 4516
0 562 3893 1 24 0 562 3893
0 1193 229 1 33 0 1193 229
0 722 2964 1 92 0 722 2964
0 1145 509 1 29 0 1145 509
0 832 2325 1 70 0 832 2325
0 1047 1077 1 40 0 1047 1077
0 1084 861 1 61 0 1084 861
0 1224 48 1 49 0 1224 48
0 1153 461 1 49 0 1153 461
0 498 4264 1 34 0 498 4264
0 1171 358 2 7 0 1171 358 81 0 0 0
0 889 1993 2 78 0 888 1993 31 0 1 0
0 1210 132 1 86 0 1210 132
0 1070 945 1 74 0 1070 945
0 1006 1316 1 79 0 1006 1316
0 798 2522 1 6 0 798 2522
0 992 1396 1 11 0 992 1396
0 823 2377 1 55 0 823 2377
0 697 3109 2 81 0 0 0 21 0 697 3109
0 1094 803 1 58 0 1094 803
0 640 3441 1 96 0 640 3441
0 975 1496 1 8 0 975 1496
0 950 1641 1 30 0 950 1641
0 1047 1077 1 24 0 1047 1077
0 497 4270 1 8 0 497 4270
0 1073 925 1 58 0 1073 925
0 1229 19 1 87 0 1229 19
0 537 4038 1 81 0 537 4038
0 1076 909 1 23 0 1076 909
0 465 4458 1 8 0 465 4458
0 1111 706 1 81 0 1111 706
0 839 2283 1 58 0 839 2283
0 749 2806 1 87 0 749 2806
0 1000 1351 1 84 0 1000 1351
0 708 3045 1 66 0 708 3045
0 482 4358 1 81 0 482 4358
0 1149 483 1 95 0 1149 483
0 1050 1061 1 47 0 1050 1061
0 881 2041 1 85 0 881 2041
0 1002 1338 1 34 0 1002 1338
0 1152 467 1 13 0 1152 467
0 983 1448 1 60 0 983 1448
0 871 2100 1 90 0 871 2100
0 773 2667 1 97 0 773 2667
0 725 2948 1 14 0 725 2948
0 696 3116 1 31 0 696 3116
0 1038 1129 2 81 0 0 0 33 0 1038 1129
0 1128 606 1 9 0 1128 606
-1
11 52
0 1369 212 1 8 0 1369 212
0 1373 190 1 60 0 1373 190
0 882 3041 1 91 0 882 3041
0 1275 761 1 49 0 1275 761
0 929 2767 1 89 0 929 2767
0 806 3483 1 69 0 806 3483
0 1241 958 1 76 0 1241 958
0 985 2445 1 8 0 985 2445
0 1188 1264 1 12 0 1188 1264
0 990 2416 1 54 0 990 2416
0 1180 1312 1 70 0 1180 1312
0 1195 1225 1 65 0 1195 1225
0 1404 9 1 94 0 1404 9
0 1077 1909 1 31 0 1077 1909
0 1058 2019 1 25 0 1058 2019
0 626 4529 1 37 0 626 4529
0 1366 232 1 50 0 1366 232
0 925 2793 1 78 0 925 2793
0 601 4674 1 95 0 601 4674
0 1178 1322 1 28 0 1178 1322
0 513 5183 1 68 0 513 5183
0 1203 1177 1 33 0 1203 1177
0 1113 1700 1 19 0 1113 1700
0 831 3338 1 82 0 831 3338
0 833 3322 1 80 0 833 3322
0 1229 1025 1 16 0 1229 1025
0 753 3790 1 39 0 753 3790
0 1396 58 1 26 0 1396 58
0 649 4393 1 54 0 649 4393
0 1405 6 1 79 0 1405 6
0 1031 2177 1 22 0 1031 2177
0 1108 1729 1 44 0 1108 1729
0 1392 80 1 93 0 1392 80
0 1251 900 1 16 0 1251 900
0 687 4174 1 81 0 687 4174
0 920 2822 1 61 0 920 2822
0 1015 2270 1 44 0 1015 2270
0 1363 248 1 40 0 1363 248
0 560 4912 1 48 0 560 4912
0 1189 1258 1 18 0 1189 1258
0 1221 1074 1 83 0 1221 1074
0 780 3635 1 33 0 780 3635
0 1329 445 1 36 0 1329 445
0 500 5261 1 73 0 500 5261
0 617 4580 1 98 0 617 4580
0 544 5003 1 80 0 544 5003
0 498 5270 2 63 0 498 5270 81 0 0 0
0 1146 1509 1 5 0 1146 1509
0 1034 2158 1 88 0 1034 2158
0 749 3812 1 25 0 749 3812
0 600 4680 1 37 0 600 4680
0 655 4361 1 19 0 655 4361
-1
9 49
0 683 5212 1 79 0 683 5212
0 1084 2883 1 45 0 1084 2883
0 1200 2212 1 40 0 1200 2212
0 971 3541 1 2 0 971 3541
0 1393 1090 2 61 0 1 0 64 0 1392 1090
0 1020 3258 1 87 0 1020 3258
0 1447 774 1 80 0 1447 774
0 863 4164 1 8 0 863 4164
0 810 4477 1 97 0 810 4477
0 1298 1641 1 25 0 1298 1641
0 906 3919 1 27 0 906 3919
0 1525 325 1 11 0 1525 325
0 1425 906 1 22 0 1425 906
0 1362 1270 1 89 0 1362 1270
0 1498 480 1 75 0 1498 480
0 1170 2387 1 50 0 1170 2387
0 750 4825 1 99 0 750 4825
0 1174 2361 1 43 0 1174 2361
0 1449 764 1 16 0 1449 764
0 1188 2280 1 8 0 1188 2280
0 1430 877 1 12 0 1430 877
0 1474 619 1 13 0 1474 619
0 817 4435 1 88 0 817 4435
0 1004 3348 1 57 0 1004 3348
0 1197 2229 1 82 0 1197 2229
0 1414 967 1 30 0 1414 967
0 870 4129 1 32 0 870 4129
0 746 4848 1 76 0 746 4848
0 745 4854 1 9 0 745 4854
0 1552 167 1 14 0 1552 167
0 1518 364 1 25 0 1518 364
0 1442 806 1 15 0 1442 806
0 568 5880 1 7 0 568 5880
0 535 6074 1 17 0 535 6074
0 1448 770 1 12 0 1448 770
0 744 4858 1 36 0 744 4858
0 1493 509 1 47 0 1493 509
0 699 5119 1 89 0 699 5119
0 1291 1683 1 94 0 1291 1683
0 903 3935 1 90 0 903 3935
0 1009 3319 1 95 0 1009 3319
0 1431 870 1 41 0 1431 870
0 1497 487 1 95 0 1497 487
0 967 3564 1 64 0 967 3564
0 947 3680 1 87 0 947 3680
0 583 5793 1 30 0 583 5793
0 1088 2861 1 19 0 1088 2861
0 1498 480 1 36 0 1498 480
0 1350 1341 1 22 0 1350 1341
-1
5 50
0 1557 3490 1 32 0 1557 3490
0 1914 1416 1 62 0 1914 1416
0 1941 1261 1 13 0 1941 1261
0 1930 1325 1 51 0 1930 1325
0 959 6961 1 88 0 959 6961
0 1664 2867 1 4 0 1664 2867
0 1948 1219 1 16 0 1948 1219
0 1930 1325 1 83 0 1930 1325
0 1715 2574 1 52 0 1715 2574
0 1960 1151 1 91 0 1960 1151
0 1993 958 1 23 0 1993 958
0 1333 4790 1 80 0 1333 4790
0 1397 4419 1 76 0 1397 4419
0 1979 1038 1 29 0 1979 1038
0 2058 580 1 79 0 2058 580
0 1981 1029 1 94 0 1981 1029
0 1200 5564 1 21 0 1200 5564
0 1438 4180 1 77 0 1438 4180
0 1793 2119 1 51 0 1793 2119
0 1339 4754 1 82 0 1339 4754
0 1313 4906 1 23 0 1313 4906
0 835 7683 1 61 0 835 7683
0 1035 6522 1 23 0 1035 6522
0 1181 5674 1 23 0 1181 5674
0 1467 4012 1 55 0 1467 4012
0 1937 1283 1 29 0 1937 1283
0 1259 5219 1 57 0 1259 5219
0 1033 6532 1 42 0 1033 6532
0 1048 6445 1 60 0 1048 6445
0 2004 893 1 72 0 2004 893
0 978 6851 1 46 0 978 6851
0 1366 4600 1 58 0 1366 4600
0 1447 4129 1 31 0 1447 4129
0 817 7787 1 37 0 817 7787
0 2063 551 1 7 0 2063 551
0 1656 2916 1 21 0 1656 2916
0 1398 4412 1 85 0 1398 4412
0 1701 2654 1 84 0 1701 2654
0 1246 5296 1 20 0 1246 5296
0 1959 1154 1 32 0 1959 1154
0 1759 2316 1 92 0 1759 2316
0 1415 4316 1 75 0 1415 4316
0 749 8180 1 51 0 749 8180
0 1128 5980 1 81 0 1128 5980
0 1372 4564 1 17 0 1372 4564
0 1777 2212 1 59 0 1777 2212
0 808 7838 1 61 0 808 7838
0 1637 3025 1 71 0 1637 3025
0 1656 2916 1 43 0 1656 2916
0 892 7351 1 55 0 892 7351
-1
1 57
0 1732 1664 1 88 0 1732 1664
0 1634 2232 1 42 0 1634 2232
0 744 7400 1 4 0 744 7400
0 1602 2419 1 41 0 1602 2419
0 1253 4445 1 58 0 1253 4445
0 1343 3922 1 26 0 1343 3922
0 1773 1422 1 15 0 1773 1422
0 1538 2790 2 81 0 0 0 59 0 1538 2790
0 893 6535 1 47 0 893 6535
0 1968 293 1 73 0 1968 293
0 1204 4729 1 26 0 1204 4729
0 1737 1635 1 44 0 1737 1635
0 787 7151 1 47 0 787 7151
0 1496 3035 1 83 0 1496 3035
0 1337 3958 1 57 0 1337 3958
0 777 7209 1 45 0 777 7209
0 1111 5270 1 87 0 1111 5270
0 1851 974 1 95 0 1851 974
0 1757 1519 1 1 0 1757 1519
0 1682 1954 1 23 0 1682 1954
0 1737 1635 1 27 0 1737 1635
0 1992 154 1 3 0 1992 154
0 1881 800 1 34 0 1881 800
0 1030 5741 1 34 0 1030 5741
0 1546 2745 1 37 0 1546 2745
0 1714 1767 1 81 0 1714 1767
0 996 5938 1 47 0 996 5938
0 1593 2470 1 42 0 1593 2470
0 775 7222 1 19 0 775 7222
0 1984 200 1 40 0 1984 200
0 1313 4096 1 58 0 1313 4096
0 1266 4370 2 81 0 0 0 31 0 1266 4370
0 762 7296 1 65 0 762 7296
0 1611 2367 1 77 0 1611 2367
0 982 6019 2 77 0 982 6019 26 0 0 0
0 1275 4319 1 55 0 1275 4319
0 1637 2216 1 91 0 1637 2216
0 1609 2377 1 18 0 1609 2377
0 1601 2425 1 51 0 1601 2425
0 1237 4538 1 98 0 1237 4538
0 1742 1606 1 37 0 1742 1606
0 1797 1287 1 42 0 1797 1287
0 1181 4864 1 80 0 1181 4864
0 1978 235 1 9 0 1978 235
0 1949 403 1 3 0 1949 403
0 1191 4806 2 91 0 1191 4806 81 0 0 0
0 1194 4787 1 72 0 1194 4787
0 1624 2290 1 100 0 1624 2290
0 1351 3877 1 1 0 1351 3877
0 1259 4409 1 40 0 1259 4409
0 673 7812 1 96 0 673 7812
0 946 6229 1 75 0 946 6229
0 1429 3422 1 62 0 1429 3422
0 1865 893 1 97 0 1865 893
0 783 7174 1 74 0 783 7174
0 869 6674 1 67 0 869 6674
0 1461 3238 1 9 0 1461 3238
-1
4 47
0 987 5632 1 142 0 987 5632
0 1337 3600 1 101 0 1337 3600
0 1023 5422 1 165 0 1023 5422
0 1576 2212 1 171 0 1576 2212
0 1727 1335 1 111 0 1727 1335
0 1816 816 1 137 0 1816 816
0 979 5677 1 192 0 979 5677
0 1563 2287 1 186 0 1563 2287
0 1853 603 1 120 0 1853 603
0 1247 4122 1 180 0 1247 4122
0 964 5764 1 134 0 964 5764
0 1591 2125 1 141 0 1591 2125
0 1948 51 1 191 0 1948 51
0 1299 3819 1 133 0 1299 3819
0 1836 703 1 146 0 1836 703
0 957 5806 1 127 0 957 5806
0 1641 1835 1 171 0 1641 1835
0 1623 1938 1 166 0 1623 1938
0 718 7193 1 162 0 718 7193
0 1018 5451 1 188 0 1018 5451
0 1853 603 1 113 0 1853 603
0 1132 4790 1 173 0 1132 4790
0 1866 529 1 156 0 1866 529
0 1669 1670 1 162 0 1669 1670
0 803 6700 1 119 0 803 6700
0 1316 3722 1 145 0 1316 3722
0 1321 3693 1 114 0 1321 3693
0 949 5851 1 151 0 949 5851
0 713 7222 1 173 0 713 7222
0 1845 651 1 194 0 1845 651
0 813 6641 1 130 0 813 6641
0 710 7241 1 176 0 710 7241
0 1783 1009 1 139 0 1783 1009
0 1925 187 1 133 0 1925 187
0 1586 2154 1 182 0 1586 2154
0 1879 451 1 152 0 1879 451
0 1050 5267 1 132 0 1050 5267
0 1863 545 1 115 0 1863 545
0 919 6025 1 198 0 919 6025
0 1328 3651 1 174 0 1328 3651
0 1817 812 1 115 0 1817 812
0 1717 1393 1 175 0 1717 1393
0 944 5880 1 144 0 944 5880
0 1680 1609 1 160 0 1680 1609
0 784 6809 1 142 0 784 6809
0 1636 1864 1 172 0 1636 1864
0 674 7448 1 186 0 674 7448
-1
12 51
0 1580 1990 1 124 0 1580 1990
0 1614 1790 1 155 0 1614 1790
0 1679 1415 2 154 0 1679 1412 103 0 0 3
0 1851 416 1 161 0 1851 416
0 1606 1838 1 178 0 1606 1838
0 1314 3532 1 133 0 1314 3532
0 1625 1729 1 114 0 1625 1729
0 1844 454 1 121 0 1844 454
0 1038 5135 1 196 0 1038 5135
0 1740 1061 1 123 0 1740 1061
0 1735 1090 1 128 0 1735 1090
0 1855 393 1 123 0 1855 393
0 1808 664 1 177 0 1808 664
0 999 5361 1 125 0 999 5361
0 1889 193 1 114 0 1889 193
0 688 7167 1 150 0 688 7167
0 1843 461 1 199 0 1843 461
0 1698 1303 1 120 0 1698 1303
0 1871 300 1 160 0 1871 300
0 1873 287 1 199 0 1873 287
0 1562 2093 1 107 0 1562 2093
0 1884 222 1 140 0 1884 222
0 1419 2922 1 197 0 1419 2922
0 1384 3125 1 139 0 1384 3125
0 1491 2506 1 112 0 1491 2506
0 908 5890 1 163 0 908 5890
0 1093 4816 1 168 0 1093 4816
0 1786 793 1 136 0 1786 793
0 1086 4858 1 181 0 1086 4858
0 1420 2919 1 195 0 1420 2919
0 1782 816 1 163 0 1782 816
0 1834 512 1 114 0 1834 512
0 1529 2283 1 132 0 1529 2283
0 817 6419 1 176 0 817 6419
0 1618 1767 1 167 0 1618 1767
0 648 7400 1 162 0 648 7400
0 845 6258 1 151 0 845 6258
0 1726 1141 1 112 0 1726 1141
0 1708 1245 1 120 0 1708 1245
0 1200 4196 1 101 0 1200 4196
0 1245 3935 1 173 0 1245 3935
0 1727 1135 1 174 0 1727 1135
0 799 6522 1 193 0 799 6522
0 1784 803 1 132 0 1784 803
0 1370 3209 1 168 0 1370 3209
0 1817 612 1 194 0 1817 612
0 1429 2864 1 118 0 1429 2864
0 671 7267 1 106 0 671 7267
0 870 6112 1 153 0 870 6112
0 1145 4516 1 133 0 1145 4516
0 1783 809 1 107 0 1783 809
-1
3 51
0 1188 887 1 18 0 1188 887
0 1212 751 1 45 0 1212 751
0 1277 374 2 81 0 0 0 45 0 1277 374
0 622 4177 1 72 0 622 4177
0 1108 1354 1 64 0 1108 1354
0 1114 1319 1 53 0 1114 1319
0 731 3545 1 35 0 731 3545
0 1285 329 1 44 0 1285 329
0 687 3800 2 81 0 0 0 93 0 687 3800
0 983 2080 1 6 0 983 2080
0 1178 948 1 10 0 1178 948
0 752 3422 1 18 0 752 3422
0 1081 1512 2 34 0 1081 1512 79 0 0 0
0 1310 183 1 43 0 1310 183
0 1038 1761 1 70 0 1038 1761
0 1052 1680 1 77 0 1052 1680
0 1341 3 1 78 0 1341 3
0 466 5083 1 34 0 466 5083
0 1330 67 1 67 0 1330 67
0 554 4570 1 23 0 554 4570
0 1249 535 1 9 0 1249 535
0 748 3445 1 2 0 748 3445
0 907 2522 1 10 0 907 2522
0 0 0 0
0 820 3029 1 34 0 820 3029
0 1151 1106 1 39 0 1151 1106
0 1184 912 1 74 0 1184 912
0 538 4664 1 90 0 538 4664
0 490 4945 1 95 0 490 4945
0 859 2800 1 37 0 859 2800
0 1116 1309 1 82 0 1116 1309
0 1304 216 1 39 0 1304 216
0 1312 170 1 82 0 1312 170
0 717 3625 1 71 0 717 3625
0 670 3900 1 53 0 670 3900
0 1072 1564 1 50 0 1072 1564
0 586 4387 1 75 0 586 4387
0 1074 1551 1 64 0 1074 1551
0 1048 1703 1 72 0 1048 1703
0 971 2151 2 81 0 0 0 38 0 971 2151
0 1003 1964 1 17 0 1003 1964
0 487 4961 1 71 0 487 4961
0 959 2219 1 56 0 959 2219
0 960 2216 1 1 0 960 2216
0 1275 387 1 87 0 1275 387
0 1190 880 1 93 0 1190 880
0 653 3996 1 66 0 653 3996
0 453 5158 2 81 0 0 0 100 0 453 5158
0 1310 183 1 13 0 1310 183
0 874 2712 1 19 0 874 2712
0 750 3435 1 93 0 750 3435
-1
6 50
0 1248 1887 1 141 0 1248 1887
0 1207 2125 1 187 0 1207 2125
0 1124 2606 1 178 0 1124 2606
0 1295 1616 1 132 0 1295 1616
0 1347 1312 1 168 0 1347 1312
0 1116 2654 1 198 0 1116 2654
0 1288 1654 1 142 0 1288 1654
0 1186 2248 1 181 0 1186 2248
0 1194 2200 1 188 0 1194 2200
0 1277 1719 1 110 0 1277 1719
0 841 4251 1 117 0 841 4251
0 1186 2248 1 167 0 1186 2248
0 1181 2277 1 109 0 1181 2277
0 1107 2706 1 155 0 1107 2706
0 1291 1638 1 156 0 1291 1638
0 715 4983 1 200 0 715 4983
0 1299 1590 1 161 0 1299 1590
0 740 4838 1 114 0 740 4838
0 1059 2983 1 186 0 1059 2983
0 1563 58 1 120 0 1563 58
0 760 4722 1 105 0 760 4722
0 696 5093 1 198 0 696 5093
0 706 5035 1 166 0 706 5035
0 633 5458 1 180 0 633 5458
0 938 3687 1 146 0 938 3687
0 1455 687 1 144 0 1455 687
0 1477 558 1 125 0 1477 558
0 1572 6 1 160 0 1572 6
0 1085 2835 1 104 0 1085 2835
0 878 4035 1 102 0 878 4035
0 888 3977 1 101 0 888 3977
0 1188 2235 1 181 0 1188 2235
0 1180 2283 1 185 0 1180 2283
0 1123 2612 1 187 0 1123 2612
0 586 5732 1 151 0 586 5732
0 760 4722 1 159 0 760 4722
0 983 3425 1 156 0 983 3425
0 1306 1551 1 113 0 1306 1551
0 904 3883 1 190 0 904 3883
0 652 5348 1 170 0 652 5348
0 837 4274 1 186 0 837 4274
0 1545 164 1 156 0 1545 164
0 1476 564 1 198 0 1476 564
0 625 5506 1 118 0 625 5506
0 790 4548 1 107 0 790 4548
0 982 3432 1 137 0 982 3432
0 902 3896 1 182 0 902 3896
0 1276 1725 1 165 0 1276 1725
0 1174 2316 1 200 0 1174 2316
0 673 5225 1 198 0 673 5225
-1
