2 69
0 0 0 0
0 1398 652 1 6 0 1398 652
0 0 0 0
0 0 0 0
0 0 0 0
0 0 0 0
0 0 0 0
0 0 0 0
0 0 0 0
0 0 0 0
0 0 0 0
0 0 0 0
0 0 0 0
0 0 0 0
0 0 0 0
0 0 0 0
0 0 0 0
0 0 0 0
0 0 0 0
0 0 0 0
0 0 0 0
0 0 0 0
0 0 0 0
0 0 0 0
0 0 0 0
0 0 0 0
0 847 3147 1 9 0 847 3147
0 596 4281 1 7 0 596 4281
0 0 0 0
0 0 0 0
0 0 0 0
0 749 3589 1 8 0 749 3589
0 0 0 0
0 0 0 0
0 0 0 0
0 0 0 0
0 0 0 0
0 0 0 0
0 0 0 0
0 1300 1097 1 9 0 1300 1097
0 1017 2376 1 10 0 1017 2376
0 0 0 0
0 1353 855 1 9 0 1353 855
0 1096 2018 1 6 0 1096 2018
0 0 0 0
0 0 0 0
0 0 0 0
0 0 0 0
0 0 0 0
0 0 0 0
0 0 0 0
0 0 0 0
0 0 0 0
0 943 2713 1 8 0 943 2713
0 0 0 0
0 0 0 0
0 0 0 0
0 0 0 0
0 0 0 0
0 0 0 0
0 952 2671 1 10 0 952 2671
0 0 0 0
0 0 0 0
0 0 0 0
0 0 0 0
0 0 0 0
0 0 0 0
0 0 0 0
0 0 0 0
-1
3 65
0 1485 218 1 5 0 1485 218
0 1424 494 1 2 0 1424 494
0 0 0 0
0 1081 2047 1 1 0 1081 2047
0 0 0 0
0 614 4160 1 4 0 614 4160
0 0 0 0
0 0 0 0
0 0 0 0
0 0 0 0
0 1174 1626 1 2 0 1174 1626
0 0 0 0
0 0 0 0
0 0 0 0
0 0 0 0
0 520 4586 1 5 0 520 4586
0 0 0 0
0 0 0 0
0 0 0 0
0 0 0 0
0 0 0 0
0 596 4242 1 1 0 596 4242
0 0 0 0
0 0 0 0
0 0 0 0
0 0 0 0
0 0 0 0
0 0 0 0
0 0 0 0
0 0 0 0
0 1282 1136 1 4 0 1282 1136
0 1419 518 1 5 0 1419 518
0 1527 28 1 4 0 1527 28
0 580 4313 1 4 0 580 4313
0 1215 1442 1 4 0 1215 1442
0 1326 939 1 3 0 1326 939
0 1270 1192 1 3 0 1270 1192
0 0 0 0
0 0 0 0
0 0 0 0
0 0 0 0
0 0 0 0
0 0 0 0
0 1198 1518 1 1 0 1198 1518
0 0 0 0
0 990 2460 1 2 0 990 2460
0 0 0 0
0 0 0 0
0 0 0 0
0 539 4500 1 4 0 539 4500
0 0 0 0
0 0 0 0
0 0 0 0
0 0 0 0
0 0 0 0
0 875 2981 1 3 0 875 2981
0 0 0 0
0 0 0 0
0 0 0 0
0 0 0 0
0 0 0 0
0 0 0 0
0 0 0 0
0 0 0 0
0 0 0 0
-1
5 57
0 0 0 0
0 0 0 0
0 0 0 0
0 0 0 0
0 0 0 0
0 0 0 0
0 0 0 0
0 0 0 0
0 0 0 0
0 0 0 0
0 0 0 0
0 0 0 0
0 0 0 0
0 0 0 0
0 0 0 0
0 0 0 0
0 0 0 0
0 0 0 0
0 0 0 0
0 0 0 0
0 0 0 0
0 0 0 0
0 0 0 0
0 0 0 0
0 0 0 0
0 0 0 0
0 0 0 0
0 2128 352 1 5 0 2128 352
0 0 0 0
0 0 0 0
0 0 0 0
0 0 0 0
0 0 0 0
0 0 0 0
0 0 0 0
0 0 0 0
0 0 0 0
0 0 0 0
0 1853 1597 1 2 0 1853 1597
0 0 0 0
0 0 0 0
0 0 0 0
0 0 0 0
0 0 0 0
0 0 0 0
0 0 0 0
0 0 0 0
0 0 0 0
0 0 0 0
0 0 0 0
0 0 0 0
0 0 0 0
0 0 0 0
0 1967 1081 1 1 0 1967 1081
0 2124 371 1 2 0 2124 371
0 0 0 0
0 0 0 0
-1
4 71
0 0 0 0
0 0 0 0
0 0 0 0
0 1098 4473 1 7 0 1098 4473
0 0 0 0
0 0 0 0
0 0 0 0
0 1127 4342 1 10 0 1127 4342
0 0 0 0
0 0 0 0
0 0 0 0
0 0 0 0
0 0 0 0
0 0 0 0
0 1261 3736 1 7 0 1261 3736
0 0 0 0
0 0 0 0
0 0 0 0
0 0 0 0
0 0 0 0
0 0 0 0
0 1749 1526 1 8 0 1749 1526
0 962 5089 1 8 0 962 5089
0 0 0 0
0 0 0 0
0 1536 2492 1 8 0 1536 2492
0 1941 657 1 9 0 1941 657
0 0 0 0
0 1986 455 1 6 0 1986 455
0 1617 2123 1 10 0 1617 2123
0 0 0 0
0 0 0 0
0 0 0 0
0 0 0 0
0 0 0 0
0 0 0 0
0 733 6126 1 8 0 733 6126
0 0 0 0
0 1537 2486 1 6 0 1537 2486
0 1960 571 1 7 0 1960 571
0 0 0 0
0 1344 3360 1 6 0 1344 3360
0 0 0 0
0 0 0 0
0 0 0 0
0 1358 3297 1 7 0 1358 3297
0 800 5823 1 9 0 800 5823
0 0 0 0
0 0 0 0
0 0 0 0
0 0 0 0
0 0 0 0
0 0 0 0
0 1716 1676 1 9 0 1716 1676
0 0 0 0
0 0 0 0
0 0 0 0
0 822 5721 1 10 0 822 5721
0 0 0 0
0 1063 4631 1 9 0 1063 4631
0 0 0 0
0 0 0 0
0 0 0 0
0 0 0 0
0 0 0 0
0 0 0 0
0 0 0 0
0 0 0 0
0 0 0 0
0 0 0 0
0 0 0 0
-1
1 61
0 0 0 0
0 0 0 0
0 0 0 0
0 0 0 0
0 0 0 0
0 1309 3102 1 4 0 1309 3102
0 0 0 0
0 0 0 0
0 0 0 0
0 0 0 0
0 0 0 0
0 0 0 0
0 0 0 0
0 0 0 0
0 0 0 0
0 0 0 0
0 0 0 0
0 0 0 0
0 0 0 0
0 0 0 0
0 0 0 0
0 0 0 0
0 0 0 0
0 0 0 0
0 0 0 0
0 0 0 0
0 0 0 0
0 0 0 0
0 0 0 0
0 1571 1918 1 1 0 1571 1918
0 0 0 0
0 0 0 0
0 0 0 0
0 0 0 0
0 0 0 0
0 0 0 0
0 0 0 0
0 0 0 0
0 0 0 0
0 1239 3421 1 2 0 1239 3421
0 0 0 0
0 1235 3439 1 3 0 1235 3439
0 0 0 0
0 0 0 0
0 0 0 0
0 0 0 0
0 0 0 0
0 0 0 0
0 0 0 0
0 0 0 0
0 0 0 0
0 0 0 0
0 0 0 0
0 0 0 0
0 0 0 0
0 0 0 0
0 0 0 0
0 0 0 0
0 0 0 0
0 0 0 0
0 1749 1113 1 3 0 1749 1113
-1
