2 42
0 686 220 1 3 0 686 220
0 0 0 0
0 0 0 0
0 0 0 0
0 0 0 0
0 675 320 1 3 0 675 320
0 0 0 0
0 0 0 0
0 0 0 0
0 0 0 0
0 0 0 0
0 0 0 0
0 0 0 0
0 0 0 0
0 0 0 0
0 0 0 0
0 0 0 0
0 305 3661 1 7 0 305 3661
0 0 0 0
0 0 0 0
0 0 0 0
0 632 708 1 10 0 632 708
0 558 1376 1 7 0 558 1376
0 0 0 0
0 0 0 0
0 571 1261 1 6 0 571 1261
0 0 0 0
0 0 0 0
0 0 0 0
0 0 0 0
0 0 0 0
0 0 0 0
0 0 0 0
0 0 0 0
0 0 0 0
0 0 0 0
0 0 0 0
0 613 882 1 4 0 613 882
0 0 0 0
0 610 908 1 5 0 610 908
0 628 747 1 6 0 628 747
0 581 1170 1 9 0 581 1170
-1
4 45
0 0 0 0
0 0 0 0
0 435 597 1 5 0 435 597
0 0 0 0
0 0 0 0
0 0 0 0
0 0 0 0
0 0 0 0
0 0 0 0
0 0 0 0
0 0 0 0
0 0 0 0
0 0 0 0
0 286 1941 1 5 0 286 1941
0 0 0 0
0 0 0 0
0 475 235 1 4 0 475 235
0 0 0 0
0 0 0 0
0 0 0 0
0 0 0 0
0 0 0 0
0 0 0 0
0 0 0 0
0 0 0 0
0 0 0 0
0 0 0 0
0 0 0 0
0 0 0 0
0 0 0 0
0 0 0 0
0 0 0 0
0 0 0 0
0 355 1320 1 6 0 355 1320
0 0 0 0
0 0 0 0
0 0 0 0
0 0 0 0
0 0 0 0
0 0 0 0
0 0 0 0
0 0 0 0
0 0 0 0
0 0 0 0
0 0 0 0
-1
1 42
0 0 0 0
0 0 0 0
0 0 0 0
0 0 0 0
0 0 0 0
0 0 0 0
0 0 0 0
0 0 0 0
0 0 0 0
0 0 0 0
0 0 0 0
0 0 0 0
0 0 0 0
0 0 0 0
0 0 0 0
0 0 0 0
0 0 0 0
0 0 0 0
0 0 0 0
0 0 0 0
0 0 0 0
0 0 0 0
0 0 0 0
0 0 0 0
0 0 0 0
0 473 185 1 2 0 473 185
0 0 0 0
0 453 367 1 7 0 453 367
0 0 0 0
0 0 0 0
0 0 0 0
0 268 2038 1 3 0 268 2038
0 0 0 0
0 0 0 0
0 394 899 2 8 0 394 899 9 0 0 0
0 0 0 0
0 0 0 0
0 0 0 0
0 418 682 1 2 0 418 682
0 0 0 0
0 437 511 1 8 0 437 511
0 0 0 0
-1
3 41
0 0 0 0
0 0 0 0
0 0 0 0
0 0 0 0
0 0 0 0
0 0 0 0
0 0 0 0
0 0 0 0
0 441 1532 1 6 0 441 1532
0 386 2026 1 1 0 386 2026
0 0 0 0
0 0 0 0
0 405 1855 1 3 0 405 1855
0 355 2308 1 5 0 355 2308
0 0 0 0
0 574 329 1 1 0 574 329
0 482 1161 1 1 0 482 1161
0 0 0 0
0 0 0 0
0 423 1694 1 4 0 423 1694
0 0 0 0
0 0 0 0
0 0 0 0
0 0 0 0
0 0 0 0
0 0 0 0
0 581 267 1 1 0 581 267
0 0 0 0
0 605 49 1 6 0 605 49
0 530 726 1 2 0 530 726
0 556 494 1 5 0 556 494
0 0 0 0
0 0 0 0
0 0 0 0
0 0 0 0
0 0 0 0
0 493 1061 1 7 0 493 1061
0 0 0 0
0 0 0 0
0 0 0 0
0 524 782 1 10 0 524 782
-1
5 41
0 0 0 0
0 620 473 1 2 0 620 473
0 0 0 0
0 0 0 0
0 0 0 0
0 0 0 0
0 0 0 0
0 0 0 0
0 0 0 0
0 0 0 0
0 0 0 0
0 0 0 0
0 0 0 0
0 0 0 0
0 0 0 0
0 555 1061 2 9 0 0 0 8 0 555 1061
0 488 1664 1 2 0 488 1664
0 0 0 0
0 0 0 0
0 0 0 0
0 0 0 0
0 0 0 0
0 0 0 0
0 0 0 0
0 0 0 0
0 0 0 0
0 0 0 0
0 0 0 0
0 0 0 0
0 0 0 0
0 0 0 0
0 0 0 0
0 511 1458 1 9 0 511 1458
0 617 499 1 9 0 617 499
0 0 0 0
0 0 0 0
0 0 0 0
0 0 0 0
0 0 0 0
0 0 0 0
0 0 0 0
-1
