1 21
0 1029 1993 1 173 0 1029 1993
0 1023 2013 1 78 0 1023 2013
0 1426 613 1 151 0 1426 613
0 1069 1854 1 47 0 1069 1854
0 736 3013 2 148 0 0 2 196 0 736 3011
0 1602 0 1 5 0 1602 0
0 1489 393 1 68 0 1489 393
0 1554 168 1 155 0 1554 168
0 724 3054 1 177 0 724 3054
0 996 2109 1 154 0 996 2109
0 1084 1802 1 10 0 1084 1802
0 1430 600 1 44 0 1430 600
0 1312 1009 1 23 0 1312 1009
0 1426 613 1 31 0 1426 613
0 881 2509 1 118 0 881 2509
0 1173 1493 1 49 0 1173 1493
0 779 2863 1 86 0 779 2863
0 1003 2084 1 163 0 1003 2084
0 1047 1931 1 88 0 1047 1931
0 853 2604 1 42 0 853 2604
0 0 0 0
-1
7 19
0 1198 1320 1 27 0 1198 1320
0 1285 1017 2 13 0 0 2 75 0 1285 1015
0 1304 950 1 51 0 1304 950
0 1212 1270 1 178 0 1212 1270
0 807 2679 1 24 0 807 2679
0 1104 1645 1 91 0 1104 1645
0 1432 506 1 87 0 1432 506
0 1304 950 1 138 0 1304 950
0 1514 220 1 143 0 1514 220
0 1395 634 1 130 0 1395 634
0 885 2408 2 190 0 885 2406 116 0 0 2
0 902 2349 2 72 0 0 2 15 0 902 2347
0 1556 75 1 148 0 1556 75
0 643 3250 1 36 0 643 3250
0 1560 61 1 67 0 1560 61
0 1415 563 1 45 0 1415 563
0 1321 890 1 117 0 1321 890
0 1211 1275 1 123 0 1211 1275
0 976 2090 1 17 0 976 2090
-1
9 21
0 533 2588 1 122 0 533 2588
0 611 2318 1 74 0 611 2318
0 932 1202 1 176 0 932 1202
0 533 2588 1 151 0 533 2588
0 725 1920 1 199 0 725 1920
0 1191 300 1 26 0 1191 300
0 0 0 0
0 1111 579 1 171 0 1111 579
0 0 0 0
0 1150 443 1 71 0 1150 443
0 615 2304 2 46 0 1 0 183 0 614 2304
0 644 2202 1 144 0 644 2202
0 792 1688 1 83 0 792 1688
0 492 2731 2 110 0 1 0 196 0 491 2731
0 982 1027 1 56 0 982 1027
0 737 1879 1 179 0 737 1879
0 427 2956 1 170 0 427 2956
0 985 1015 1 2 0 985 1015
0 1091 647 1 17 0 1091 647
0 1097 627 1 121 0 1097 627
0 1140 477 1 177 0 1140 477
-1
13 22
0 950 1129 1 114 0 950 1129
0 937 1175 1 37 0 937 1175
0 1110 574 2 80 0 0 2 149 0 1110 572
0 563 2475 1 16 0 563 2475
0 0 0 0
0 990 990 1 173 0 990 990
0 882 1363 1 40 0 882 1363
0 1242 113 1 179 0 1242 113
0 0 0 0
0 0 0 0
0 806 1631 2 162 0 806 1629 124 0 0 2
0 1197 270 1 101 0 1197 270
0 1138 475 1 16 0 1138 475
0 541 2552 1 9 0 541 2552
0 1161 395 1 90 0 1161 395
0 781 1718 1 74 0 781 1718
0 448 2875 1 125 0 448 2875
0 493 2718 1 26 0 493 2718
0 1137 479 1 119 0 1137 479
0 1217 200 1 47 0 1217 200
0 775 1738 1 2 0 775 1738
0 436 2915 1 131 0 436 2915
-1
14 23
0 1196 622 1 192 0 1196 622
0 587 2738 1 186 0 587 2738
0 1225 520 1 182 0 1225 520
0 1269 368 1 177 0 1269 368
0 609 2663 1 50 0 609 2663
0 0 0 0
0 1075 1043 1 4 0 1075 1043
0 850 1825 1 45 0 850 1825
0 1239 472 2 124 0 0 2 156 0 1239 470
0 1072 1052 1 88 0 1072 1052
0 1061 1092 2 148 0 0 2 157 0 1061 1090
0 1179 681 1 121 0 1179 681
0 0 0 0
0 1188 650 1 184 0 1188 650
0 1358 59 1 114 0 1358 59
0 1208 579 1 174 0 1208 579
0 1234 490 2 18 0 1234 488 147 0 0 2
0 1223 527 1 60 0 1223 527
0 1371 13 2 168 0 1371 13 145 0 0 0
0 0 0 0
0 0 0 0
0 933 1536 1 184 0 933 1536
0 808 1970 1 66 0 808 1970
-1
15 24
0 1255 643 1 195 0 1255 643
0 1329 386 1 153 0 1329 386
0 572 3018 1 78 0 572 3018
0 0 0 0
0 1116 1127 1 25 0 1116 1127
0 1087 1229 2 38 0 1087 1227 148 0 0 2
0 1360 279 1 134 0 1360 279
0 1293 511 1 187 0 1293 511
0 0 0 0
0 1210 800 1 169 0 1210 800
0 551 3090 1 178 0 551 3090
0 1090 1218 1 2 0 1090 1218
0 0 0 0
0 0 0 0
0 1367 254 2 7 0 1367 252 148 0 0 2
0 1364 265 1 152 0 1364 265
0 1394 161 1 25 0 1394 161
0 543 3120 1 49 0 543 3120
0 1360 279 1 66 0 1360 279
0 0 0 0
0 865 2000 1 34 0 865 2000
0 1286 536 1 83 0 1286 536
0 647 2759 1 101 0 647 2759
0 762 2359 1 46 0 762 2359
-1
8 24
0 1196 79 1 57 0 1196 79
0 632 2040 1 186 0 632 2040
0 880 1177 1 76 0 880 1177
0 0 0 0
0 1112 370 1 78 0 1112 370
0 965 881 1 25 0 965 881
0 824 1372 1 26 0 824 1372
0 774 1545 1 85 0 774 1545
0 1199 68 1 14 0 1199 68
0 656 1954 1 50 0 656 1954
0 721 1729 1 36 0 721 1729
0 1200 65 1 126 0 1200 65
0 1023 679 1 123 0 1023 679
0 1197 75 1 124 0 1197 75
0 527 2404 1 65 0 527 2404
0 739 1668 1 136 0 739 1668
0 0 0 0
0 719 1738 2 193 0 719 1736 57 0 0 2
0 456 2652 1 9 0 456 2652
0 977 840 1 71 0 977 840
0 1202 56 1 195 0 1202 56
0 0 0 0
0 0 0 0
0 449 2677 1 76 0 449 2677
-1
11 22
0 1062 922 1 84 0 1062 922
0 502 2868 1 69 0 502 2868
0 972 1234 1 139 0 972 1234
0 1318 31 1 82 0 1318 31
0 890 1520 1 30 0 890 1520
0 1294 115 1 175 0 1294 115
0 1216 386 1 56 0 1216 386
0 1270 197 1 161 0 1270 197
0 1070 893 1 194 0 1070 893
0 0 0 0
0 986 1186 1 93 0 986 1186
0 1303 81 1 42 0 1303 81
0 1104 775 1 54 0 1104 775
0 1056 943 1 63 0 1056 943
0 542 2729 1 128 0 542 2729
0 1214 393 1 109 0 1214 393
0 445 3068 1 65 0 445 3068
0 809 1802 1 190 0 809 1802
0 612 2486 2 99 0 0 0 145 0 612 2486
0 1280 163 1 146 0 1280 163
0 0 0 0
0 924 1402 1 84 0 924 1402
-1
10 25
0 1100 229 1 6 0 1100 229
0 1085 281 2 124 0 0 2 94 0 1085 279
0 986 625 1 103 0 986 625
0 937 795 1 79 0 937 795
0 0 0 0
0 575 2054 1 118 0 575 2054
0 941 781 1 108 0 941 781
0 730 1515 1 126 0 730 1515
0 0 0 0
0 0 0 0
0 676 1700 1 137 0 676 1700
0 804 1256 1 114 0 804 1256
0 943 775 1 69 0 943 775
0 1092 256 1 174 0 1092 256
0 0 0 0
0 546 2154 1 77 0 546 2154
0 1016 520 1 146 0 1016 520
0 1014 527 1 64 0 1014 527
0 1006 554 1 185 0 1006 554
0 820 1202 1 46 0 820 1202
0 0 0 0
0 412 2620 1 4 0 412 2620
0 871 1025 1 71 0 871 1025
0 973 670 1 15 0 973 670
0 539 2179 1 94 0 539 2179
-1
4 23
0 1068 147 2 198 0 0 2 139 0 1068 145
0 1078 111 1 112 0 1078 111
0 923 650 1 59 0 923 650
0 0 0 0
0 622 1697 1 182 0 622 1697
0 594 1795 1 176 0 594 1795
0 0 0 0
0 918 668 1 32 0 918 668
0 1108 6 1 107 0 1108 6
0 0 0 0
0 1024 300 1 163 0 1024 300
0 879 804 1 151 0 879 804
0 834 959 1 104 0 834 959
0 788 1120 1 104 0 788 1120
0 948 563 1 136 0 948 563
0 0 0 0
0 552 1940 1 44 0 552 1940
0 807 1054 1 65 0 807 1054
0 637 1645 1 14 0 637 1645
0 1081 102 1 170 0 1081 102
0 863 859 1 62 0 863 859
0 0 0 0
0 0 0 0
-1
3 25
0 535 1577 1 34 0 535 1577
0 653 1165 1 112 0 653 1165
0 921 234 1 154 0 921 234
0 0 0 0
0 779 729 1 137 0 779 729
0 961 95 1 6 0 961 95
0 704 990 2 124 0 0 2 12 0 704 988
0 782 718 1 145 0 782 718
0 824 572 1 106 0 824 572
0 919 242 2 148 0 0 2 67 0 919 240
0 947 145 1 74 0 947 145
0 942 161 1 12 0 942 161
0 660 1143 1 165 0 660 1143
0 0 0 0
0 982 22 1 199 0 982 22
0 0 0 0
0 941 165 1 55 0 941 165
0 0 0 0
0 600 1352 1 52 0 600 1352
0 727 909 1 130 0 727 909
0 895 325 1 113 0 895 325
0 0 0 0
0 561 1486 1 110 0 561 1486
0 0 0 0
0 900 309 1 138 0 900 309
-1
2 23
0 839 611 1 34 0 839 611
0 949 229 1 16 0 949 229
0 597 1454 1 74 0 597 1454
0 997 63 1 144 0 997 63
0 778 825 1 101 0 778 825
0 605 1427 1 192 0 605 1427
0 0 0 0
0 684 1147 1 30 0 684 1147
0 534 1672 1 100 0 534 1672
0 1012 11 1 41 0 1012 11
0 516 1736 1 110 0 516 1736
0 0 0 0
0 0 0 0
0 0 0 0
0 696 1111 1 38 0 696 1111
0 728 1000 1 86 0 728 1000
0 798 756 1 73 0 798 756
0 740 958 2 124 0 0 2 162 0 740 956
0 508 1763 1 136 0 508 1763
0 728 1000 1 171 0 728 1000
0 562 1577 1 191 0 562 1577
0 958 200 1 129 0 958 200
0 962 186 1 72 0 962 186
-1
12 20
0 666 1106 1 152 0 666 1106
0 548 1515 1 198 0 548 1515
0 849 470 1 160 0 849 470
0 944 138 1 125 0 944 138
0 331 2270 1 191 0 331 2270
0 0 0 0
0 878 368 1 32 0 878 368
0 839 504 1 162 0 839 504
0 516 1627 1 90 0 516 1627
0 816 584 1 166 0 816 584
0 447 1868 1 70 0 447 1868
0 0 0 0
0 950 118 1 30 0 950 118
0 688 1029 1 166 0 688 1029
0 676 1070 1 180 0 676 1070
0 719 920 1 46 0 719 920
0 969 52 1 189 0 969 52
0 711 950 1 90 0 711 950
0 581 1402 1 102 0 581 1402
0 383 2090 1 136 0 383 2090
-1
5 21
0 801 1897 1 142 0 801 1897
0 1313 118 1 39 0 1313 118
0 1079 931 1 99 0 1079 931
0 889 1592 2 80 0 0 2 149 0 889 1590
0 850 1727 1 42 0 850 1727
0 774 1990 1 32 0 774 1990
0 604 2581 1 186 0 604 2581
0 759 2043 1 150 0 759 2043
0 0 0 0
0 639 2461 1 73 0 639 2461
0 1112 817 2 168 0 0 2 200 0 1112 815
0 1157 659 1 82 0 1157 659
0 781 1968 1 91 0 781 1968
0 904 1538 1 96 0 904 1538
0 1280 231 1 175 0 1280 231
0 1228 413 1 41 0 1228 413
0 1103 847 1 98 0 1103 847
0 0 0 0
0 684 2304 1 128 0 684 2304
0 1249 340 1 95 0 1249 340
0 900 1554 1 181 0 900 1554
-1
6 28
0 574 2808 2 43 0 0 2 132 0 574 2806
0 1368 45 1 51 0 1368 45
0 927 1579 1 106 0 927 1579
0 1241 488 1 73 0 1241 488
0 1146 818 1 161 0 1146 818
0 0 0 0
0 1054 1138 1 54 0 1054 1138
0 1336 156 1 158 0 1336 156
0 655 2525 1 64 0 655 2525
0 1236 504 1 173 0 1236 504
0 0 0 0
0 537 2936 1 48 0 537 2936
0 509 3031 1 178 0 509 3031
0 884 1729 1 49 0 884 1729
0 0 0 0
0 1308 254 1 105 0 1308 254
0 1015 1275 1 5 0 1015 1275
0 1371 36 1 192 0 1371 36
0 861 1809 1 119 0 861 1809
0 0 0 0
0 1286 331 1 139 0 1286 331
0 0 0 0
0 1175 718 1 117 0 1175 718
0 1038 1193 1 198 0 1038 1193
0 828 1925 1 181 0 828 1925
0 691 2400 1 60 0 691 2400
0 960 1465 1 108 0 960 1465
0 798 2029 1 15 0 798 2029
-1
