3 34
0 315 4610 1 770 0 315 4610
0 372 3563 1 595 0 372 3563
0 490 1389 1 411 0 490 1389
0 313 4647 1 1109 0 313 4647
0 363 3726 1 335 0 363 3726
0 321 4500 1 577 0 321 4500
0 347 4021 1 571 0 347 4021
0 457 1994 1 394 0 457 1994
0 508 1057 1 1003 0 508 1057
0 537 521 1 1024 0 537 521
0 402 3010 1 577 0 402 3010
0 336 4226 1 429 0 336 4226
0 472 1721 1 898 0 472 1721
0 385 3321 1 665 0 385 3321
0 418 2715 1 1141 0 418 2715
0 304 4815 1 186 0 304 4815
0 439 2326 1 1185 0 439 2326
0 400 3047 1 399 0 400 3047
0 208 6584 1 420 0 208 6584
0 310 4705 1 726 0 310 4705
0 380 3415 1 359 0 380 3415
0 325 4426 1 622 0 325 4426
0 428 2531 1 904 0 428 2531
0 277 5310 1 921 0 277 5310
0 296 4963 1 1187 0 296 4963
0 390 3231 1 451 0 390 3231
0 491 1368 1 852 0 491 1368
0 337 4205 1 1148 0 337 4205
0 394 3157 1 473 0 394 3157
0 555 189 1 179 0 555 189
0 522 800 1 740 0 522 800
0 543 410 1 300 0 543 410
0 466 1831 1 912 0 466 1831
0 283 5200 1 209 0 283 5200
-1
12 35
0 373 4126 1 315 0 373 4126
0 211 7110 1 1 0 211 7110
0 350 4552 1 920 0 350 4552
0 551 847 1 402 0 551 847
0 428 3115 1 702 0 428 3115
0 316 5178 1 401 0 316 5178
0 531 1215 1 699 0 531 1215
0 494 1900 1 18 0 494 1900
0 551 847 1 708 0 551 847
0 509 1621 1 85 0 509 1621
0 554 794 1 913 0 554 794
0 338 4773 1 606 0 338 4773
0 224 6873 1 896 0 224 6873
0 511 1584 1 306 0 511 1584
0 597 0 1 1043 0 597 0
0 581 294 1 1101 0 581 294
0 526 1310 1 278 0 526 1310
0 544 978 1 1142 0 544 978
0 590 131 1 644 0 590 131
0 499 1805 1 231 0 499 1805
0 450 2710 1 15 0 450 2710
0 580 315 1 881 0 580 315
0 572 463 1 8 0 572 463
0 549 884 1 715 0 549 884
0 508 1642 1 488 0 508 1642
0 532 1200 1 802 0 532 1200
0 207 7184 1 351 0 207 7184
0 335 4826 1 667 0 335 4826
0 491 1952 1 45 0 491 1952
0 483 2100 1 1066 0 483 2100
0 427 3131 1 266 0 427 3131
0 334 4847 1 899 0 334 4847
0 284 5768 1 936 0 284 5768
0 573 442 1 121 0 573 442
0 405 3536 1 457 0 405 3536
-1
26 35
0 363 6294 1 243 0 363 6294
0 587 2168 1 476 0 587 2168
0 580 2300 1 288 0 580 2300
0 680 457 1 942 0 680 457
0 468 4363 1 586 0 468 4363
0 449 4710 1 275 0 449 4710
0 350 6536 1 53 0 350 6536
0 365 6257 1 771 0 365 6257
0 467 4378 1 726 0 467 4378
0 669 657 1 463 0 669 657
0 588 2152 1 890 0 588 2152
0 418 5284 1 64 0 418 5284
0 460 4510 1 936 0 460 4510
0 474 4252 1 282 0 474 4252
0 616 1636 1 26 0 616 1636
0 485 4047 1 7 0 485 4047
0 669 657 1 1075 0 669 657
0 662 789 1 1013 0 662 789
0 500 3773 1 407 0 500 3773
0 349 6552 1 512 0 349 6552
0 497 3826 1 1055 0 497 3826
0 417 5300 1 213 0 417 5300
0 337 6773 1 422 0 337 6773
0 322 7052 1 943 0 322 7052
0 427 5115 1 27 0 427 5115
0 617 1615 1 1049 0 617 1615
0 675 547 1 831 0 675 547
0 499 3789 1 774 0 499 3789
0 338 6757 1 948 0 338 6757
0 249 8394 1 406 0 249 8394
0 556 2742 1 11 0 556 2742
0 249 8394 1 448 0 249 8394
0 407 5484 1 437 0 407 5484
0 436 4952 1 523 0 436 4952
0 495 3863 1 722 0 495 3863
-1
28 36
0 461 3626 1 339 0 461 3626
0 598 1105 1 794 0 598 1105
0 461 3626 1 1014 0 461 3626
0 550 1989 1 825 0 550 1989
0 397 4805 1 1169 0 397 4805
0 434 4126 1 996 0 434 4126
0 529 2373 1 435 0 529 2373
0 484 3205 1 958 0 484 3205
0 501 2889 1 268 0 501 2889
0 390 4936 1 388 0 390 4936
0 613 826 1 11 0 613 826
0 522 2505 1 846 0 522 2505
0 458 3684 1 727 0 458 3684
0 364 5415 1 606 0 364 5415
0 582 1400 1 430 0 582 1400
0 433 4142 1 740 0 433 4142
0 522 2505 1 511 0 522 2505
0 413 4510 1 340 0 413 4510
0 601 1047 1 896 0 601 1047
0 654 73 1 684 0 654 73
0 302 6557 1 1163 0 302 6557
0 610 884 1 242 0 610 884
0 320 6226 1 357 0 320 6226
0 441 3994 1 1144 0 441 3994
0 380 5121 1 95 0 380 5121
0 295 6684 1 1154 0 295 6684
0 630 515 1 954 0 630 515
0 469 3478 1 728 0 469 3478
0 263 7273 1 741 0 263 7273
0 368 5342 1 1106 0 368 5342
0 275 7052 1 476 0 275 7052
0 225 7973 1 419 0 225 7973
0 536 2247 1 281 0 536 2247
0 253 7457 1 1037 0 253 7457
0 589 1268 1 663 0 589 1268
0 291 6757 1 896 0 291 6757
-1
29 35
0 618 610 1 1136 0 618 610
0 248 7426 1 82 0 248 7426
0 253 7331 1 594 0 253 7331
0 450 3705 1 661 0 450 3705
0 479 3168 1 994 0 479 3168
0 437 3942 1 871 0 437 3942
0 504 2710 1 511 0 504 2710
0 418 4294 1 1169 0 418 4294
0 337 5784 1 1057 0 337 5784
0 479 3168 1 244 0 479 3168
0 508 2636 1 538 0 508 2636
0 461 3500 1 393 0 461 3500
0 570 1494 1 397 0 570 1494
0 480 3152 1 753 0 480 3152
0 512 2563 1 808 0 512 2563
0 628 426 1 324 0 628 426
0 366 5252 1 966 0 366 5252
0 603 884 1 480 0 603 884
0 276 6910 1 155 0 276 6910
0 344 5657 1 779 0 344 5657
0 350 5547 1 641 0 350 5547
0 551 1842 1 1057 0 551 1842
0 507 2652 1 639 0 507 2652
0 556 1752 1 106 0 556 1752
0 433 4015 1 1199 0 433 4015
0 419 4273 1 1014 0 419 4273
0 590 1126 1 384 0 590 1126
0 555 1768 1 778 0 555 1768
0 477 3205 1 1137 0 477 3205
0 563 1621 1 669 0 563 1621
0 341 5710 1 487 0 341 5710
0 278 6873 1 1059 0 278 6873
0 326 5989 1 871 0 326 5989
0 384 4921 1 144 0 384 4921
0 577 1363 1 831 0 577 1363
-1
31 35
0 400 1405 1 1108 0 400 1405
0 341 2489 1 812 0 341 2489
0 297 3300 1 719 0 297 3300
0 429 868 1 602 0 429 868
0 376 1847 1 225 0 376 1847
0 314 2989 1 1054 0 314 2989
0 310 3063 1 346 0 310 3063
0 457 352 1 111 0 457 352
0 426 926 1 928 0 426 926
0 255 4073 1 896 0 255 4073
0 466 189 1 771 0 466 189
0 297 3300 1 1024 0 297 3300
0 400 1405 1 990 0 400 1405
0 223 4663 1 461 0 223 4663
0 209 4921 1 304 0 209 4921
0 253 4110 1 107 0 253 4110
0 365 2047 1 334 0 365 2047
0 435 757 1 749 0 435 757
0 317 2931 1 1065 0 317 2931
0 306 3136 1 962 0 306 3136
0 402 1368 1 15 0 402 1368
0 364 2068 1 491 0 364 2068
0 381 1752 1 432 0 381 1752
0 442 631 1 891 0 442 631
0 351 2305 1 635 0 351 2305
0 340 2510 1 434 0 340 2510
0 400 1405 1 450 0 400 1405
0 248 4205 1 803 0 248 4205
0 174 5568 1 73 0 174 5568
0 467 168 1 273 0 467 168
0 358 2178 1 1037 0 358 2178
0 158 5863 1 99 0 158 5863
0 303 3189 1 34 0 303 3189
0 375 1863 1 738 0 375 1863
0 171 5621 1 18 0 171 5621
-1
32 33
0 205 4642 1 335 0 205 4642
0 291 3057 1 192 0 291 3057
0 325 2431 1 149 0 325 2431
0 392 1200 1 532 0 392 1200
0 263 3573 1 105 0 263 3573
0 401 1031 1 1134 0 401 1031
0 246 3889 1 239 0 246 3889
0 308 2747 1 95 0 308 2747
0 309 2726 1 555 0 309 2726
0 349 1989 1 1047 0 349 1989
0 309 2726 1 808 0 309 2726
0 239 4015 1 105 0 239 4015
0 379 1436 1 702 0 379 1436
0 412 831 1 899 0 412 831
0 351 1952 1 29 0 351 1952
0 282 3226 1 262 0 282 3226
0 272 3410 1 961 0 272 3410
0 435 405 1 439 0 435 405
0 394 1163 1 1106 0 394 1163
0 399 1068 1 281 0 399 1068
0 336 2231 1 305 0 336 2231
0 224 4294 1 932 0 224 4294
0 291 3057 1 325 0 291 3057
0 209 4568 1 1083 0 209 4568
0 313 2652 1 771 0 313 2652
0 369 1621 1 182 0 369 1621
0 310 2710 1 80 0 310 2710
0 429 515 1 1027 0 429 515
0 399 1068 1 918 0 399 1068
0 444 242 1 1025 0 444 242
0 454 57 1 1077 0 454 57
0 415 773 1 140 0 415 773
0 280 3263 1 556 0 280 3263
-1
34 35
0 557 2710 1 228 0 557 2710
0 468 4352 1 83 0 468 4352
0 309 7278 1 960 0 309 7278
0 272 7963 1 273 0 272 7963
0 680 447 1 729 0 680 447
0 419 5252 1 641 0 419 5252
0 382 5936 1 1 0 382 5936
0 407 5473 1 408 0 407 5473
0 691 242 1 973 0 691 242
0 593 2047 1 573 0 593 2047
0 566 2547 2 831 0 0 0 962 0 566 2547
0 643 1126 1 1198 0 643 1126
0 532 3173 1 140 0 532 3173
0 411 5400 1 62 0 411 5400
0 671 610 1 212 0 671 610
0 540 3026 1 738 0 540 3026
0 669 647 1 711 0 669 647
0 686 336 1 508 0 686 336
0 243 8494 1 9 0 243 8494
0 695 168 1 496 0 695 168
0 278 7852 1 175 0 278 7852
0 647 1052 1 976 0 647 1052
0 598 1957 1 840 0 598 1957
0 0 0 0
0 597 1973 1 104 0 597 1973
0 640 1184 1 226 0 640 1184
0 365 6247 1 500 0 365 6247
0 619 1568 1 1167 0 619 1568
0 456 4573 1 620 0 456 4573
0 565 2563 1 239 0 565 2563
0 638 1221 1 212 0 638 1221
0 465 4405 1 764 0 465 4405
0 593 2047 1 932 0 593 2047
0 524 3321 1 697 0 524 3321
0 289 7647 1 418 0 289 7647
-1
39 34
0 392 3731 1 472 0 392 3731
0 541 984 1 977 0 541 984
0 351 4484 1 1013 0 351 4484
0 446 2736 1 1021 0 446 2736
0 562 600 1 926 0 562 600
0 369 4152 1 1009 0 369 4152
0 585 173 1 997 0 585 173
0 465 2384 1 744 0 465 2384
0 584 194 2 436 0 584 194 272 0 0 0
0 554 747 1 524 0 554 747
0 299 5442 1 703 0 299 5442
0 213 7026 1 1003 0 213 7026
0 556 710 1 312 0 556 710
0 476 2184 1 697 0 476 2184
0 519 1389 1 823 0 519 1389
0 501 1721 1 588 0 501 1721
0 511 1536 1 406 0 511 1536
0 341 4668 1 577 0 341 4668
0 239 6547 1 745 0 239 6547
0 582 231 1 318 0 582 231
0 312 5205 1 1067 0 312 5205
0 559 652 1 313 0 559 652
0 280 5794 1 1004 0 280 5794
0 265 6068 1 750 0 265 6068
0 383 3894 1 887 0 383 3894
0 347 4557 1 953 0 347 4557
0 295 5515 1 104 0 295 5515
0 219 6915 1 1097 0 219 6915
0 413 3342 1 1194 0 413 3342
0 314 5168 1 587 0 314 5168
0 397 3636 1 448 0 397 3636
0 219 6915 1 370 0 219 6915
0 407 3452 1 1090 0 407 3452
0 312 5205 1 936 0 312 5205
-1
5 33
0 617 1305 1 817 0 617 1305
0 676 221 1 783 0 676 221
0 532 2873 1 619 0 532 2873
0 562 2321 1 93 0 562 2321
0 329 6610 1 412 0 329 6610
0 468 4052 1 914 0 468 4052
0 648 736 1 61 0 648 736
0 657 568 1 577 0 657 568
0 457 4252 1 1155 0 457 4252
0 673 273 1 945 0 673 273
0 297 7200 1 831 0 297 7200
0 494 3573 1 266 0 494 3573
0 684 73 1 834 0 684 73
0 272 7663 1 654 0 272 7663
0 521 3073 1 1124 0 521 3073
0 686 36 1 611 0 686 36
0 321 6757 1 264 0 321 6757
0 556 2431 1 909 0 556 2431
0 285 7421 1 1149 0 285 7421
0 411 5100 1 427 0 411 5100
0 382 5636 1 825 0 382 5636
0 416 5010 1 304 0 416 5010
0 400 5305 1 1192 0 400 5305
0 445 4473 1 613 0 445 4473
0 627 1121 1 306 0 627 1121
0 520 3094 1 772 0 520 3094
0 275 7605 1 499 0 275 7605
0 467 4068 1 132 0 467 4068
0 337 6463 1 959 0 337 6463
0 632 1031 1 960 0 632 1031
0 600 1621 1 429 0 600 1621
0 593 1747 1 534 0 593 1747
0 555 2447 1 1109 0 555 2447
-1
8 35
0 419 357 1 590 0 419 357
0 340 1815 1 360 0 340 1815
0 211 4189 1 973 0 211 4189
0 287 2789 1 468 0 287 2789
0 354 1557 1 808 0 354 1557
0 370 1263 1 140 0 370 1263
0 400 710 1 898 0 400 710
0 292 2700 1 551 0 292 2700
0 408 563 1 434 0 408 563
0 324 2110 1 202 0 324 2110
0 324 2110 1 591 0 324 2110
0 169 4963 1 564 0 169 4963
0 0 0 0
0 244 3584 1 183 0 244 3584
0 172 4910 1 111 0 172 4910
0 417 394 1 175 0 417 394
0 190 4578 1 358 0 190 4578
0 277 2973 1 960 0 277 2973
0 291 2715 1 285 0 291 2715
0 202 4357 1 1100 0 202 4357
0 263 3231 1 242 0 263 3231
0 257 3342 1 1174 0 257 3342
0 405 615 1 820 0 405 615
0 373 1205 1 437 0 373 1205
0 366 1336 1 651 0 366 1336
0 261 3268 1 1152 0 261 3268
0 381 1057 1 673 0 381 1057
0 322 2147 1 315 0 322 2147
0 387 947 1 550 0 387 947
0 201 4373 1 1001 0 201 4373
0 363 1389 1 628 0 363 1389
0 0 0 0
0 330 2000 1 1103 0 330 2000
0 240 3657 1 654 0 240 3657
0 326 2073 1 133 0 326 2073
-1
38 32
0 445 4000 2 536 0 445 4000 108 0 0 0
0 576 1589 1 374 0 576 1589
0 371 5363 1 86 0 371 5363
0 575 1605 1 912 0 575 1605
0 0 0 0
0 439 4110 1 929 0 439 4110
0 292 6821 1 408 0 292 6821
0 287 6910 1 1175 0 287 6910
0 429 4294 1 377 0 429 4294
0 398 4868 1 310 0 398 4868
0 395 4921 1 163 0 395 4921
0 584 1442 1 424 0 584 1442
0 382 5163 1 723 0 382 5163
0 599 1163 1 489 0 599 1163
0 382 5163 1 705 0 382 5163
0 394 4942 1 635 0 394 4942
0 502 2952 1 761 0 502 2952
0 572 1663 1 949 0 572 1663
0 278 7078 1 693 0 278 7078
0 424 4389 1 284 0 424 4389
0 449 3926 1 188 0 449 3926
0 404 4757 1 1070 0 404 4757
0 474 3468 1 793 0 474 3468
0 579 1531 1 464 0 579 1531
0 539 2268 1 1054 0 539 2268
0 490 3173 1 750 0 490 3173
0 294 6784 1 227 0 294 6784
0 461 3705 1 945 0 461 3705
0 407 4700 1 355 0 407 4700
0 240 7778 1 548 0 240 7778
0 270 7226 1 664 0 270 7226
0 448 3947 1 731 0 448 3947
-1
13 32
0 373 2747 1 130 0 373 2747
0 427 1752 1 1122 0 427 1752
0 333 3484 1 821 0 333 3484
0 325 3631 1 282 0 325 3631
0 451 1310 1 256 0 451 1310
0 463 1089 1 633 0 463 1089
0 506 300 1 1057 0 506 300
0 323 3668 1 395 0 323 3668
0 335 3447 1 239 0 335 3447
0 519 57 1 569 0 519 57
0 515 131 1 854 0 515 131
0 290 4278 1 1025 0 290 4278
0 504 336 1 726 0 504 336
0 380 2621 1 880 0 380 2621
0 347 3226 1 609 0 347 3226
0 499 426 1 643 0 499 426
0 519 57 1 558 0 519 57
0 404 2178 1 836 0 404 2178
0 413 2010 1 479 0 413 2010
0 458 1184 1 681 0 458 1184
0 203 5878 1 1075 0 203 5878
0 270 4647 1 335 0 270 4647
0 243 5142 1 935 0 243 5142
0 451 1310 1 339 0 451 1310
0 431 1678 1 602 0 431 1678
0 236 5273 1 617 0 236 5273
0 392 2400 1 374 0 392 2400
0 199 5952 1 52 0 199 5952
0 431 1678 1 843 0 431 1678
0 323 3668 1 340 0 323 3668
0 437 1568 1 839 0 437 1568
0 322 3689 1 1154 0 322 3689
-1
23 35
0 542 3047 1 683 0 542 3047
0 487 4057 1 1066 0 487 4057
0 481 4168 1 28 0 481 4168
0 573 2473 1 223 0 573 2473
0 306 7394 1 239 0 306 7394
0 569 2547 1 289 0 569 2547
0 385 5936 1 1130 0 385 5936
0 535 3173 1 207 0 535 3173
0 506 3710 1 596 0 506 3710
0 535 3173 1 252 0 535 3173
0 367 6268 1 876 0 367 6268
0 621 1589 1 459 0 621 1589
0 290 7689 1 232 0 290 7689
0 678 542 1 447 0 678 542
0 466 4447 1 635 0 466 4447
0 322 7100 1 1016 0 322 7100
0 491 3984 1 791 0 491 3984
0 661 852 1 1101 0 661 852
0 383 5973 1 747 0 383 5973
0 642 1205 1 728 0 642 1205
0 473 4315 1 1126 0 473 4315
0 565 2621 1 611 0 565 2621
0 678 542 1 225 0 678 542
0 493 3947 2 242 0 493 3947 726 0 0 0
0 237 8663 1 984 0 237 8663
0 315 7226 1 783 0 315 7226
0 364 6326 1 8 0 364 6326
0 383 5973 1 713 0 383 5973
0 280 7873 1 178 0 280 7873
0 414 5405 1 1176 0 414 5405
0 678 542 1 1194 0 678 542
0 563 2657 1 35 0 563 2657
0 389 5863 1 822 0 389 5863
0 414 5405 1 143 0 414 5405
0 477 4242 1 155 0 477 4242
-1
14 37
0 574 600 1 959 0 574 600
0 428 3289 1 242 0 428 3289
0 586 378 1 282 0 586 378
0 314 5389 1 577 0 314 5389
0 389 4005 1 839 0 389 4005
0 421 3415 1 838 0 421 3415
0 252 6531 1 1197 0 252 6531
0 220 7121 1 1153 0 220 7121
0 452 2847 1 88 0 452 2847
0 501 1942 1 379 0 501 1942
0 481 2310 1 384 0 481 2310
0 553 984 1 147 0 553 984
0 449 2900 1 647 0 449 2900
0 402 3768 1 831 0 402 3768
0 460 2700 1 108 0 460 2700
0 550 1042 1 815 0 550 1042
0 559 873 1 938 0 559 873
0 491 2126 1 1090 0 491 2126
0 375 4263 1 1126 0 375 4263
0 538 1263 1 46 0 538 1263
0 303 5589 1 779 0 303 5589
0 542 1189 1 1126 0 542 1189
0 483 2273 1 1152 0 483 2273
0 277 6068 1 584 0 277 6068
0 257 6436 1 1174 0 257 6436
0 592 268 1 792 0 592 268
0 405 3710 1 1158 0 405 3710
0 448 2921 1 769 0 448 2921
0 292 5794 1 954 0 292 5794
0 539 1242 1 858 0 539 1242
0 268 6236 1 952 0 268 6236
0 486 2221 1 362 0 486 2221
0 449 2900 1 969 0 449 2900
0 266 6273 1 1037 0 266 6273
0 339 4926 1 397 0 339 4926
0 299 5663 1 414 0 299 5663
0 474 2442 1 26 0 474 2442
-1
17 32
0 260 3278 1 717 0 260 3278
0 405 605 1 994 0 405 605
0 329 2005 1 956 0 329 2005
0 394 810 1 1108 0 394 810
0 378 1105 1 560 0 378 1105
0 355 1526 1 1013 0 355 1526
0 338 1842 1 647 0 338 1842
0 249 3478 1 4 0 249 3478
0 343 1747 1 1 0 343 1747
0 342 1768 1 934 0 342 1768
0 393 826 1 33 0 393 826
0 411 494 1 317 0 411 494
0 301 2521 1 607 0 301 2521
0 289 2742 1 590 0 289 2742
0 419 347 1 385 0 419 347
0 415 421 1 816 0 415 421
0 191 4547 1 635 0 191 4547
0 0 0 0
0 270 3094 1 58 0 270 3094
0 298 2578 1 67 0 298 2578
0 262 3242 1 534 0 262 3242
0 381 1047 1 565 0 381 1047
0 288 2763 1 151 0 288 2763
0 272 3057 1 1129 0 272 3057
0 311 2336 1 322 0 311 2336
0 347 1673 1 426 0 347 1673
0 326 2063 1 166 0 326 2063
0 199 4400 1 532 0 199 4400
0 438 0 1 519 0 438 0
0 392 847 1 904 0 392 847
0 221 3994 1 712 0 221 3994
0 433 89 1 158 0 433 89
-1
30 34
0 293 3968 1 942 0 293 3968
0 307 3710 1 440 0 307 3710
0 501 136 1 141 0 501 136
0 433 1389 1 8 0 433 1389
0 465 800 1 412 0 465 800
0 349 2936 1 560 0 349 2936
0 317 3526 1 279 0 317 3526
0 434 1373 1 139 0 434 1373
0 221 5294 1 3 0 221 5294
0 291 4005 1 1029 0 291 4005
0 381 2347 1 281 0 381 2347
0 454 1005 1 1096 0 454 1005
0 227 5184 1 453 0 227 5184
0 269 4410 1 632 0 269 4410
0 377 2421 1 266 0 377 2421
0 497 210 1 956 0 497 210
0 267 4447 1 580 0 267 4447
0 464 821 1 972 0 464 821
0 247 4815 1 1101 0 247 4815
0 483 468 1 696 0 483 468
0 0 0 0
0 345 3010 1 550 0 345 3010
0 306 3731 1 1101 0 306 3731
0 298 3878 1 651 0 298 3878
0 396 2073 1 53 0 396 2073
0 202 5647 1 311 0 202 5647
0 283 4152 1 845 0 283 4152
0 336 3178 1 949 0 336 3178
0 391 2163 1 935 0 391 2163
0 349 2936 1 1082 0 349 2936
0 461 873 1 910 0 461 873
0 433 1389 1 668 0 433 1389
0 376 2442 1 13 0 376 2442
0 442 1226 1 839 0 442 1226
-1
24 34
0 308 4763 1 296 0 308 4763
0 313 4668 1 9 0 313 4668
0 383 3378 1 456 0 383 3378
0 560 121 1 726 0 560 121
0 481 1573 1 269 0 481 1573
0 500 1226 1 665 0 500 1226
0 563 63 1 528 0 563 63
0 320 4542 1 158 0 320 4542
0 260 5647 1 239 0 260 5647
0 495 1315 1 703 0 495 1315
0 506 1115 1 249 0 506 1115
0 443 2273 1 1098 0 443 2273
0 266 5536 1 584 0 266 5536
0 304 4836 1 802 0 304 4836
0 294 5021 1 272 0 294 5021
0 515 947 2 794 0 0 0 914 0 515 947
0 534 600 1 1003 0 534 600
0 331 4336 1 61 0 331 4336
0 363 3747 1 750 0 363 3747
0 493 1352 1 1072 0 493 1352
0 409 2900 1 1046 0 409 2900
0 551 284 1 1169 0 551 284
0 404 2994 1 1070 0 404 2994
0 365 3710 1 1070 0 365 3710
0 529 689 1 655 0 529 689
0 399 3084 1 18 0 399 3084
0 362 3768 1 734 0 362 3768
0 334 4284 1 575 0 334 4284
0 469 1794 1 471 0 469 1794
0 448 2184 1 950 0 448 2184
0 276 5352 1 1160 0 276 5352
0 506 1115 1 1165 0 506 1115
0 426 2589 1 643 0 426 2589
0 449 2163 1 529 0 449 2163
-1
16 34
0 627 889 1 1100 0 627 889
0 380 5442 1 172 0 380 5442
0 409 4905 1 223 0 409 4905
0 453 4094 1 273 0 453 4094
0 600 1389 1 413 0 600 1389
0 511 3026 1 606 0 511 3026
0 641 631 1 59 0 641 631
0 626 910 1 833 0 626 910
0 433 4463 2 334 0 433 4463 1007 0 0 0
0 431 4500 1 949 0 431 4500
0 475 3689 1 582 0 475 3689
0 276 7357 1 952 0 276 7357
0 427 4573 1 504 0 427 4573
0 498 3268 1 288 0 498 3268
0 506 3121 1 911 0 506 3121
0 442 4300 1 504 0 442 4300
0 575 1847 1 1129 0 575 1847
0 394 5184 1 1189 0 394 5184
0 302 6878 1 219 0 302 6878
0 649 484 1 28 0 649 484
0 469 3800 1 137 0 469 3800
0 239 8036 1 936 0 239 8036
0 250 7836 1 279 0 250 7836
0 256 7726 1 1099 0 256 7726
0 480 3600 1 300 0 480 3600
0 633 778 1 1066 0 633 778
0 470 3784 1 1090 0 470 3784
0 262 7615 1 558 0 262 7615
0 406 4963 1 820 0 406 4963
0 332 6326 1 524 0 332 6326
0 413 4831 1 1004 0 413 4831
0 438 4373 1 294 0 438 4373
0 290 7100 1 536 0 290 7100
0 407 4942 1 282 0 407 4942
-1
22 34
0 484 3815 1 331 0 484 3815
0 549 2615 1 212 0 549 2615
0 239 8326 1 654 0 239 8326
0 481 3868 1 809 0 481 3868
0 658 610 1 216 0 658 610
0 501 3500 1 49 0 501 3500
0 313 6963 1 370 0 313 6963
0 342 6431 1 972 0 342 6431
0 411 5157 1 463 0 411 5157
0 453 4384 1 354 0 453 4384
0 439 4642 1 245 0 439 4642
0 518 3189 1 182 0 518 3189
0 453 4384 1 457 0 453 4384
0 537 2836 1 446 0 537 2836
0 448 4478 1 386 0 448 4478
0 533 2910 1 269 0 533 2910
0 491 3684 1 746 0 491 3684
0 378 5768 1 794 0 378 5768
0 408 5215 1 960 0 408 5215
0 480 3889 1 1117 0 480 3889
0 263 7884 1 937 0 263 7884
0 420 4994 1 853 0 420 4994
0 385 5636 1 965 0 385 5636
0 428 4847 1 213 0 428 4847
0 382 5694 1 974 0 382 5694
0 329 6668 1 350 0 329 6668
0 492 3668 1 663 0 492 3668
0 480 3889 1 360 0 480 3889
0 296 7278 1 586 0 296 7278
0 311 7000 1 262 0 311 7000
0 660 573 1 286 0 660 573
0 320 6836 1 486 0 320 6836
0 465 4163 1 152 0 465 4163
0 672 352 1 1188 0 672 352
-1
19 36
0 225 6605 1 605 0 225 6605
0 388 3605 1 752 0 388 3605
0 405 3289 1 519 0 405 3289
0 520 1173 1 797 0 520 1173
0 459 2294 1 1035 0 459 2294
0 388 3605 1 1035 0 388 3605
0 525 1078 1 845 0 525 1078
0 322 4821 1 429 0 322 4821
0 253 6089 1 568 0 253 6089
0 473 2036 1 624 0 473 2036
0 345 4394 1 657 0 345 4394
0 580 68 1 29 0 580 68
0 469 2110 1 1088 0 469 2110
0 349 4321 1 1106 0 349 4321
0 476 1984 1 11 0 476 1984
0 242 6294 1 529 0 242 6294
0 578 105 1 127 0 578 105
0 574 178 1 88 0 574 178
0 256 6036 1 111 0 256 6036
0 310 5042 1 975 0 310 5042
0 460 2278 1 876 0 460 2278
0 440 2647 1 768 0 440 2647
0 548 657 1 474 0 548 657
0 410 3200 1 923 0 410 3200
0 355 4210 1 33 0 355 4210
0 333 4615 1 484 0 333 4615
0 229 6531 1 9 0 229 6531
0 482 1873 1 1004 0 482 1873
0 420 3015 1 1027 0 420 3015
0 558 473 1 709 0 558 473
0 355 4210 1 834 0 355 4210
0 392 3531 1 409 0 392 3531
0 535 894 1 83 0 535 894
0 392 3531 1 239 0 392 3531
0 385 3657 1 155 0 385 3657
0 519 1189 1 163 0 519 1189
-1
36 33
0 469 542 1 627 0 469 542
0 328 3142 1 957 0 328 3142
0 367 2421 1 937 0 367 2421
0 454 821 1 1097 0 454 821
0 345 2826 1 188 0 345 2826
0 411 1610 1 564 0 411 1610
0 441 1057 1 805 0 441 1057
0 476 415 1 141 0 476 415
0 472 489 1 1178 0 472 489
0 362 2515 1 1171 0 362 2515
0 267 4263 1 683 0 267 4263
0 184 5794 1 155 0 184 5794
0 298 3694 1 727 0 298 3694
0 356 2626 1 716 0 356 2626
0 366 2442 1 1165 0 366 2442
0 430 1263 1 957 0 430 1263
0 399 1831 1 593 0 399 1831
0 302 3621 1 344 0 302 3621
0 340 2921 1 960 0 340 2921
0 332 3068 1 740 0 332 3068
0 419 1463 1 318 0 419 1463
0 237 4815 1 1031 0 237 4815
0 297 3710 1 1108 0 297 3710
0 492 121 1 959 0 492 121
0 409 1647 1 207 0 409 1647
0 388 2036 1 705 0 388 2036
0 244 4689 1 584 0 244 4689
0 265 4300 1 79 0 265 4300
0 216 5205 1 1065 0 216 5205
0 435 1168 1 273 0 435 1168
0 491 136 1 945 0 491 136
0 361 2531 1 570 0 361 2531
0 372 2331 1 1090 0 372 2331
-1
21 34
0 526 2257 1 906 0 526 2257
0 640 157 1 461 0 640 157
0 645 63 1 139 0 645 63
0 254 7268 1 72 0 254 7268
0 576 1336 1 300 0 576 1336
0 436 3915 1 348 0 436 3915
0 538 2036 1 1197 0 538 2036
0 296 6494 1 88 0 296 6494
0 609 726 1 1044 0 609 726
0 500 2736 1 111 0 500 2736
0 420 4210 1 237 0 420 4210
0 551 1794 1 422 0 551 1794
0 619 542 1 845 0 619 542
0 488 2957 1 655 0 488 2957
0 420 4210 1 968 0 420 4210
0 390 4763 1 338 0 390 4763
0 617 578 1 1101 0 617 578
0 492 2884 1 108 0 492 2884
0 554 1742 1 1102 0 554 1742
0 557 1684 1 928 0 557 1684
0 488 2957 1 364 0 488 2957
0 286 6678 1 118 0 286 6678
0 327 5921 1 998 0 327 5921
0 364 5242 1 491 0 364 5242
0 465 3378 1 717 0 465 3378
0 504 2663 1 1067 0 504 2663
0 572 1410 1 336 0 572 1410
0 556 1705 1 552 0 556 1705
0 473 3231 1 76 0 473 3231
0 445 3747 1 150 0 445 3747
0 591 1057 1 344 0 591 1057
0 312 6200 1 963 0 312 6200
0 573 1389 1 938 0 573 1389
0 343 5626 1 579 0 343 5626
-1
25 36
0 533 1073 1 53 0 533 1073
0 302 5331 1 175 0 302 5331
0 390 3710 1 1105 0 390 3710
0 559 594 1 270 0 559 594
0 467 2289 1 21 0 467 2289
0 296 5442 2 1186 0 0 0 837 0 296 5442
0 493 1810 1 485 0 493 1810
0 568 431 1 575 0 568 431
0 479 2068 1 348 0 479 2068
0 225 6747 1 640 0 225 6747
0 327 4868 1 411 0 327 4868
0 288 5589 1 1100 0 288 5589
0 511 1478 1 654 0 511 1478
0 271 5900 1 410 0 271 5900
0 388 3747 1 278 0 388 3747
0 525 1221 1 1066 0 525 1221
0 498 1721 1 469 0 498 1721
0 445 2694 1 246 0 445 2694
0 574 321 1 28 0 574 321
0 301 5347 1 212 0 301 5347
0 503 1626 1 533 0 503 1626
0 469 2252 1 1018 0 469 2252
0 558 615 1 584 0 558 615
0 499 1700 1 252 0 499 1700
0 512 1463 1 940 0 512 1463
0 284 5663 1 479 0 284 5663
0 565 484 1 846 0 565 484
0 522 1278 1 291 0 522 1278
0 533 1073 1 1167 0 533 1073
0 532 1094 1 830 0 532 1094
0 240 6473 1 1061 0 240 6473
0 511 1478 1 791 0 511 1478
0 411 3321 1 497 0 411 3321
0 431 2952 1 1183 0 431 2952
0 382 3857 1 728 0 382 3857
0 464 2347 1 88 0 464 2347
-1
2 36
0 459 2789 1 1035 0 459 2789
0 610 10 1 438 0 610 10
0 280 6089 1 231 0 280 6089
0 384 4173 1 448 0 384 4173
0 476 2478 1 840 0 476 2478
0 575 652 1 275 0 575 652
0 474 2515 1 11 0 474 2515
0 298 5757 2 936 0 0 0 339 0 298 5757
0 548 1152 1 681 0 548 1152
0 494 2147 1 671 0 494 2147
0 248 6678 1 23 0 248 6678
0 401 3857 1 709 0 401 3857
0 341 4963 1 74 0 341 4963
0 587 431 1 874 0 587 431
0 405 3784 1 676 0 405 3784
0 517 1721 1 548 0 517 1721
0 304 5647 1 15 0 304 5647
0 378 4284 1 29 0 378 4284
0 584 489 1 347 0 584 489
0 256 6531 1 825 0 256 6531
0 564 857 1 816 0 564 857
0 228 7047 1 1108 0 228 7047
0 264 6384 1 638 0 264 6384
0 213 7321 1 417 0 213 7321
0 524 1594 1 825 0 524 1594
0 566 821 1 1162 0 566 821
0 244 6752 1 1129 0 244 6752
0 523 1610 1 92 0 523 1610
0 265 6363 1 1126 0 265 6363
0 447 3010 1 666 0 447 3010
0 265 6363 1 338 0 265 6363
0 276 6163 1 496 0 276 6163
0 483 2347 1 352 0 483 2347
0 339 5000 1 500 0 339 5000
0 490 2221 1 589 0 490 2221
0 270 6273 1 657 0 270 6273
-1
11 37
0 577 1226 1 570 0 577 1226
0 619 452 1 514 0 619 452
0 527 2147 1 273 0 527 2147
0 593 931 1 985 0 593 931
0 453 3510 1 295 0 453 3510
0 468 3236 1 1057 0 468 3236
0 500 2647 1 114 0 500 2647
0 482 2978 1 492 0 482 2978
0 597 857 1 769 0 597 857
0 592 952 1 609 0 592 952
0 302 6294 1 1188 0 302 6294
0 429 3952 1 911 0 429 3952
0 596 878 1 49 0 596 878
0 475 3105 1 463 0 475 3105
0 347 5463 1 1064 0 347 5463
0 457 3436 1 1096 0 457 3436
0 251 7231 1 213 0 251 7231
0 423 4063 1 39 0 423 4063
0 562 1505 1 252 0 562 1505
0 519 2294 1 347 0 519 2294
0 227 7673 1 728 0 227 7673
0 321 5942 1 1155 0 321 5942
0 285 6605 1 185 0 285 6605
0 611 600 1 622 0 611 600
0 480 3015 1 901 0 480 3015
0 560 1542 1 839 0 560 1542
0 640 68 1 112 0 640 68
0 633 194 1 131 0 633 194
0 554 1652 1 3 0 554 1652
0 467 3252 1 1119 0 467 3252
0 543 1852 1 532 0 543 1852
0 548 1763 1 447 0 548 1763
0 320 5963 1 497 0 320 5963
0 361 5205 1 235 0 361 5205
0 273 6826 1 273 0 273 6826
0 256 7142 1 358 0 256 7142
0 383 4800 1 53 0 383 4800
-1
1 35
0 524 1684 1 1013 0 524 1684
0 248 6768 1 1188 0 248 6768
0 451 3026 1 709 0 451 3026
0 610 100 1 279 0 610 100
0 610 100 1 1148 0 610 100
0 426 3489 1 1064 0 426 3489
0 584 578 2 409 0 0 0 307 0 584 578
0 513 1884 1 1188 0 513 1884
0 538 1426 1 576 0 538 1426
0 549 1221 1 645 0 549 1221
0 353 4831 1 53 0 353 4831
0 236 6989 1 281 0 236 6989
0 502 2089 1 394 0 502 2089
0 240 6915 1 544 0 240 6915
0 539 1405 1 49 0 539 1405
0 320 5442 1 604 0 320 5442
0 309 5642 1 722 0 309 5642
0 255 6636 1 787 0 255 6636
0 539 1405 1 737 0 539 1405
0 229 7115 2 764 0 0 0 570 0 229 7115
0 212 7431 1 461 0 212 7431
0 446 3121 1 199 0 446 3121
0 513 1884 1 850 0 513 1884
0 507 1994 1 1175 0 507 1994
0 333 5200 1 1070 0 333 5200
0 395 4057 1 635 0 395 4057
0 449 3063 1 904 0 449 3063
0 327 5310 1 243 0 327 5310
0 295 5900 2 677 0 0 0 919 0 295 5900
0 275 6268 1 1024 0 275 6268
0 480 2494 1 888 0 480 2494
0 480 2494 1 399 0 480 2494
0 242 6878 1 281 0 242 6878
0 285 6084 1 427 0 285 6084
0 366 4594 1 1109 0 366 4594
-1
20 34
0 331 2073 1 1125 0 331 2073
0 354 1652 1 1185 0 354 1652
0 255 3473 1 512 0 255 3473
0 203 4431 1 19 0 203 4431
0 432 215 1 716 0 432 215
0 440 68 1 190 0 440 68
0 207 4357 1 1126 0 207 4357
0 406 694 1 100 0 406 694
0 221 4100 1 1179 0 221 4100
0 246 3642 1 1174 0 246 3642
0 431 231 1 504 0 431 231
0 0 0 0
0 334 2021 1 320 0 334 2021
0 396 878 1 316 0 396 878
0 376 1247 1 120 0 376 1247
0 190 4673 1 256 0 190 4673
0 428 289 1 1173 0 428 289
0 417 489 1 1142 0 417 489
0 257 3436 1 246 0 257 3436
0 403 747 1 419 0 403 747
0 391 968 1 269 0 391 968
0 224 4047 1 741 0 224 4047
0 232 3900 1 933 0 232 3900
0 412 584 1 942 0 412 584
0 231 3915 1 190 0 231 3915
0 179 4873 1 92 0 179 4873
0 325 2184 1 219 0 325 2184
0 420 436 1 957 0 420 436
0 436 142 1 803 0 436 142
0 356 1615 1 1018 0 356 1615
0 255 3473 1 204 0 255 3473
0 383 1115 1 1082 0 383 1115
0 332 2057 1 677 0 332 2057
0 207 4357 1 745 0 207 4357
-1
15 32
0 352 5710 1 906 0 352 5710
0 495 3073 1 596 0 495 3073
0 545 2152 1 580 0 545 2152
0 631 568 1 230 0 631 568
0 626 663 1 146 0 626 663
0 616 847 1 706 0 616 847
0 502 2947 1 1144 0 502 2947
0 641 384 1 364 0 641 384
0 372 5342 1 151 0 372 5342
0 303 6610 1 343 0 303 6610
0 376 5268 1 123 0 376 5268
0 536 2321 1 667 0 536 2321
0 577 1563 1 822 0 577 1563
0 649 236 2 99 0 649 236 104 0 0 0
0 575 1600 1 704 0 575 1600
0 505 2889 1 726 0 505 2889
0 400 4826 1 822 0 400 4826
0 449 3921 1 430 0 449 3921
0 608 994 1 159 0 608 994
0 365 5468 1 1048 0 365 5468
0 288 6889 1 52 0 288 6889
0 627 642 1 601 0 627 642
0 636 478 1 532 0 636 478
0 288 6889 1 95 0 288 6889
0 361 5542 1 21 0 361 5542
0 471 3515 1 1162 0 471 3515
0 254 7515 1 39 0 254 7515
0 638 442 1 656 0 638 442
0 479 3368 1 990 0 479 3368
0 648 257 1 927 0 648 257
0 262 7368 1 705 0 262 7368
0 439 4105 1 1193 0 439 4105
-1
4 34
0 180 5294 1 812 0 180 5294
0 401 1221 1 549 0 401 1221
0 446 394 1 335 0 446 394
0 395 1331 1 603 0 395 1331
0 231 4352 1 490 0 231 4352
0 387 1478 1 872 0 387 1478
0 195 5015 1 205 0 195 5015
0 305 2989 1 19 0 305 2989
0 188 5147 1 827 0 188 5147
0 425 778 1 448 0 425 778
0 407 1110 1 659 0 407 1110
0 294 3194 1 773 0 294 3194
0 441 484 1 638 0 441 484
0 465 42 1 3 0 465 42
0 198 4963 1 727 0 198 4963
0 196 5000 1 1050 0 196 5000
0 156 5736 1 592 0 156 5736
0 383 1552 1 1109 0 383 1552
0 353 2105 1 487 0 353 2105
0 338 2384 1 333 0 338 2384
0 463 78 1 962 0 463 78
0 279 3468 1 703 0 279 3468
0 379 1626 1 914 0 379 1626
0 249 4021 1 784 0 249 4021
0 320 2715 1 52 0 320 2715
0 432 652 1 658 0 432 652
0 163 5605 1 538 0 163 5605
0 250 4005 1 59 0 250 4005
0 165 5568 1 48 0 165 5568
0 444 431 1 595 0 444 431
0 467 5 1 132 0 467 5
0 274 3563 1 105 0 274 3563
0 294 3194 1 348 0 294 3194
0 415 963 1 435 0 415 963
-1
6 34
0 528 647 1 589 0 528 647
0 537 478 1 385 0 537 478
0 319 4494 1 1191 0 319 4494
0 380 3373 1 1023 0 380 3373
0 212 6468 1 26 0 212 6468
0 248 5805 1 822 0 248 5805
0 261 5563 1 384 0 261 5563
0 461 1878 1 332 0 461 1878
0 0 0 0
0 552 205 1 895 0 552 205
0 411 2800 1 534 0 411 2800
0 506 1052 1 325 0 506 1052
0 524 721 1 390 0 524 721
0 364 3668 1 695 0 364 3668
0 320 4478 1 435 0 320 4478
0 430 2452 1 420 0 430 2452
0 501 1142 1 192 0 501 1142
0 422 2600 1 600 0 422 2600
0 271 5378 1 284 0 271 5378
0 534 536 1 966 0 534 536
0 342 4073 1 747 0 342 4073
0 544 352 1 839 0 544 352
0 197 6742 1 97 0 197 6742
0 430 2452 1 575 0 430 2452
0 288 5068 1 63 0 288 5068
0 326 4368 1 42 0 326 4368
0 306 4736 1 515 0 306 4736
0 253 5710 1 127 0 253 5710
0 234 6063 1 178 0 234 6063
0 560 57 1 389 0 560 57
0 554 168 1 397 0 554 168
0 433 2394 1 453 0 433 2394
0 378 3410 1 1098 0 378 3410
0 422 2600 1 479 0 422 2600
-1
10 37
0 433 531 1 1109 0 433 531
0 250 3905 1 803 0 250 3905
0 395 1231 1 471 0 395 1231
0 396 1215 1 441 0 396 1215
0 249 3921 1 654 0 249 3921
0 368 1731 1 1196 0 368 1731
0 422 736 1 731 0 422 736
0 310 2800 1 454 0 310 2800
0 288 3205 1 429 0 288 3205
0 459 52 1 486 0 459 52
0 280 3352 1 942 0 280 3352
0 449 236 2 102 0 449 236 586 0 0 0
0 462 0 1 974 0 462 0
0 195 4915 1 445 0 195 4915
0 295 3073 1 86 0 295 3073
0 316 2689 1 587 0 316 2689
0 377 1563 1 764 0 377 1563
0 329 2447 1 213 0 329 2447
0 388 1363 1 533 0 388 1363
0 328 2468 1 108 0 328 2468
0 250 3905 1 623 0 250 3905
0 269 3552 1 361 0 269 3552
0 341 2226 1 198 0 341 2226
0 273 3478 1 399 0 273 3478
0 274 3463 1 588 0 274 3463
0 311 2778 1 593 0 311 2778
0 214 4568 1 442 0 214 4568
0 250 3905 1 239 0 250 3905
0 407 1010 1 749 0 407 1010
0 382 1473 1 1045 0 382 1473
0 274 3463 1 1090 0 274 3463
0 311 2778 1 822 0 311 2778
0 399 1157 1 314 0 399 1157
0 305 2889 1 993 0 305 2889
0 339 2263 1 402 0 339 2263
0 445 310 1 800 0 445 310
0 383 1452 1 726 0 383 1452
-1
9 36
0 242 6700 1 434 0 242 6700
0 360 4526 1 420 0 360 4526
0 408 3642 1 91 0 408 3642
0 433 3178 1 1117 0 433 3178
0 394 3900 2 612 0 394 3900 187 0 0 0
0 597 157 1 886 0 597 157
0 397 3842 1 522 0 397 3842
0 519 1594 1 1093 0 519 1594
0 474 2426 1 853 0 474 2426
0 528 1431 1 584 0 528 1431
0 461 2663 1 108 0 461 2663
0 439 3068 1 923 0 439 3068
0 313 5389 1 954 0 313 5389
0 396 3863 1 106 0 396 3863
0 320 5263 1 511 0 320 5263
0 277 6052 1 647 0 277 6052
0 291 5794 1 3 0 291 5794
0 266 6257 1 896 0 266 6257
0 322 5226 1 270 0 322 5226
0 500 1947 1 1129 0 500 1947
0 448 2905 1 9 0 448 2905
0 231 6900 1 1173 0 231 6900
0 518 1615 1 1193 0 518 1615
0 388 4010 1 536 0 388 4010
0 589 305 1 866 0 589 305
0 294 5742 1 69 0 294 5742
0 491 2110 1 227 0 491 2110
0 492 2094 1 107 0 492 2094
0 262 6331 1 1033 0 262 6331
0 337 4947 1 286 0 337 4947
0 435 3142 1 761 0 435 3142
0 570 657 1 526 0 570 657
0 570 657 1 553 0 570 657
0 436 3126 1 909 0 436 3126
0 377 4210 1 1024 0 377 4210
0 489 2147 1 74 0 489 2147
-1
18 35
0 664 636 1 1060 0 664 636
0 489 3857 1 639 0 489 3857
0 408 5352 1 428 0 408 5352
0 559 2568 1 1028 0 559 2568
0 496 3731 1 693 0 496 3731
0 436 4836 1 703 0 436 4836
0 502 3621 1 201 0 502 3621
0 503 3600 1 760 0 503 3600
0 485 3931 1 361 0 485 3931
0 306 7231 1 1102 0 306 7231
0 236 8521 1 291 0 236 8521
0 656 784 1 334 0 656 784
0 640 1078 1 452 0 640 1078
0 608 1668 1 1079 0 608 1668
0 551 2715 1 694 0 551 2715
0 539 2936 1 671 0 539 2936
0 517 3342 1 553 0 517 3342
0 446 4652 1 731 0 446 4652
0 639 1094 1 1037 0 639 1094
0 465 4300 1 977 0 465 4300
0 273 7836 1 1013 0 273 7836
0 639 1094 1 43 0 639 1094
0 243 8389 1 368 0 243 8389
0 605 1721 1 1074 0 605 1721
0 531 3084 1 1027 0 531 3084
0 657 763 1 496 0 657 763
0 373 5994 1 693 0 373 5994
0 367 6105 1 88 0 367 6105
0 608 1668 1 973 0 608 1668
0 381 5847 1 248 0 381 5847
0 266 7968 1 967 0 266 7968
0 666 600 1 289 0 666 600
0 511 3452 1 800 0 511 3452
0 610 1631 1 727 0 610 1631
0 506 3547 1 1109 0 506 3547
-1
7 37
0 236 6052 1 457 0 236 6052
0 327 4373 1 8 0 327 4373
0 293 5000 1 728 0 293 5000
0 333 4263 1 878 0 333 4263
0 473 1684 1 588 0 473 1684
0 269 5442 1 211 0 269 5442
0 317 4557 1 923 0 317 4557
0 289 5073 1 1092 0 289 5073
0 339 4152 1 1197 0 339 4152
0 208 6568 1 25 0 208 6568
0 502 1152 1 1020 0 502 1152
0 388 3252 1 201 0 388 3252
0 476 1631 1 745 0 476 1631
0 344 4063 1 335 0 344 4063
0 542 415 1 1110 0 542 415
0 431 2457 1 997 0 431 2457
0 555 173 1 400 0 555 173
0 555 173 1 655 0 555 173
0 463 1868 1 906 0 463 1868
0 472 1705 1 262 0 472 1705
0 430 2478 1 825 0 430 2478
0 354 3878 1 211 0 354 3878
0 300 4873 1 786 0 300 4873
0 387 3268 1 816 0 387 3268
0 492 1336 1 86 0 492 1336
0 189 6915 1 37 0 189 6915
0 469 1757 1 1188 0 469 1757
0 354 3878 1 626 0 354 3878
0 553 210 1 515 0 553 210
0 329 4336 1 1093 0 329 4336
0 416 2736 1 829 0 416 2736
0 461 1905 1 562 0 461 1905
0 556 157 1 831 0 556 157
0 231 6142 1 487 0 231 6142
0 262 5573 1 511 0 262 5573
0 551 247 1 731 0 551 247
0 196 6789 1 315 0 196 6789
-1
33 30
0 590 131 1 8 0 590 131
0 549 884 1 367 0 549 884
0 454 2636 1 1086 0 454 2636
0 595 36 1 324 0 595 36
0 487 2026 1 1050 0 487 2026
0 288 5694 1 53 0 288 5694
0 384 3926 1 527 0 384 3926
0 284 5768 1 1194 0 284 5768
0 455 2615 1 1018 0 455 2615
0 275 5931 1 1060 0 275 5931
0 272 5989 1 372 0 272 5989
0 520 1421 1 1048 0 520 1421
0 300 5473 1 930 0 300 5473
0 583 257 1 167 0 583 257
0 557 736 1 715 0 557 736
0 504 1715 1 251 0 504 1715
0 558 721 1 515 0 558 721
0 335 4826 1 1043 0 335 4826
0 323 5047 1 681 0 323 5047
0 513 1547 1 1062 0 513 1547
0 398 3668 1 718 0 398 3668
0 546 942 1 98 0 546 942
0 249 6410 1 31 0 249 6410
0 230 6763 1 699 0 230 6763
0 476 2231 1 996 0 476 2231
0 385 3905 1 835 0 385 3905
0 540 1052 1 898 0 540 1052
0 260 6210 1 891 0 260 6210
0 412 3410 1 581 0 412 3410
0 307 5342 1 428 0 307 5342
-1
35 37
0 348 2710 1 441 0 348 2710
0 181 5784 1 98 0 181 5784
0 461 626 1 56 0 461 626
0 345 2763 1 731 0 345 2763
0 411 1547 1 1185 0 411 1547
0 423 1326 1 205 0 423 1326
0 352 2636 1 422 0 352 2636
0 223 5010 1 439 0 223 5010
0 338 2894 1 635 0 338 2894
0 415 1473 1 848 0 415 1473
0 384 2047 1 1105 0 384 2047
0 423 1326 1 655 0 423 1326
0 422 1347 1 178 0 422 1347
0 462 610 1 963 0 462 610
0 353 2615 1 364 0 353 2615
0 456 721 1 769 0 456 721
0 480 278 1 538 0 480 278
0 344 2784 1 890 0 344 2784
0 429 1215 1 825 0 429 1215
0 335 2947 1 949 0 335 2947
0 377 2173 1 979 0 377 2173
0 420 1384 1 278 0 420 1384
0 239 4715 1 104 0 239 4715
0 326 3115 1 1060 0 326 3115
0 461 626 1 405 0 461 626
0 282 3926 1 756 0 282 3926
0 259 4347 1 1119 0 259 4347
0 213 5194 1 50 0 213 5194
0 397 1805 1 320 0 397 1805
0 460 647 1 557 0 460 647
0 410 1568 1 753 0 410 1568
0 458 684 1 821 0 458 684
0 243 4642 1 1168 0 243 4642
0 391 1915 1 151 0 391 1915
0 426 1273 1 1076 0 426 1273
0 248 4552 1 1090 0 248 4552
0 334 2968 1 1098 0 334 2968
-1
27 34
0 353 2900 1 55 0 353 2900
0 301 3857 1 1001 0 301 3857
0 405 1942 1 1142 0 405 1942
0 326 3400 1 949 0 326 3400
0 457 984 1 524 0 457 984
0 471 726 1 1049 0 471 726
0 477 615 1 1078 0 477 615
0 245 4889 1 723 0 245 4889
0 341 3121 1 1056 0 341 3121
0 489 394 1 34 0 489 394
0 268 4468 1 47 0 268 4468
0 287 4115 1 100 0 287 4115
0 417 1721 1 1024 0 417 1721
0 247 4852 1 190 0 247 4852
0 332 3289 1 275 0 332 3289
0 419 1684 1 703 0 419 1684
0 443 1242 1 808 0 443 1242
0 506 84 1 745 0 506 84
0 405 1942 1 700 0 405 1942
0 455 1021 1 57 0 455 1021
0 352 2921 1 262 0 352 2921
0 460 931 1 31 0 460 931
0 477 615 1 1130 0 477 615
0 336 3215 1 15 0 336 3215
0 369 2605 1 1188 0 369 2605
0 223 5294 1 81 0 223 5294
0 349 2973 1 627 0 349 2973
0 293 4005 1 418 0 293 4005
0 269 4447 1 603 0 269 4447
0 295 3968 1 784 0 295 3968
0 406 1926 1 707 0 406 1926
0 253 4742 1 778 0 253 4742
0 321 3489 1 53 0 321 3489
0 475 652 1 88 0 475 652
-1
40 32
0 443 4552 1 602 0 443 4552
0 346 6342 1 1074 0 346 6342
0 333 6578 1 36 0 333 6578
0 329 6652 1 729 0 329 6652
0 481 3852 1 269 0 481 3852
0 237 8347 1 280 0 237 8347
0 546 2657 1 472 0 546 2657
0 356 6157 1 172 0 356 6157
0 441 4589 1 477 0 441 4589
0 614 1405 1 147 0 614 1405
0 641 905 1 618 0 641 905
0 628 1147 1 792 0 628 1147
0 515 3226 1 879 0 515 3226
0 534 2878 1 92 0 534 2878
0 578 2068 1 873 0 578 2068
0 382 5678 1 626 0 382 5678
0 537 2821 1 34 0 537 2821
0 678 226 1 995 0 678 226
0 380 5715 1 468 0 380 5715
0 330 6636 1 473 0 330 6636
0 595 1752 1 537 0 595 1752
0 654 668 1 764 0 654 668
0 500 3505 1 736 0 500 3505
0 304 7115 1 669 0 304 7115
0 671 352 1 694 0 671 352
0 619 1310 1 1100 0 619 1310
0 341 6431 1 489 0 341 6431
0 446 4500 1 1035 0 446 4500
0 244 8221 1 35 0 244 8221
0 587 1900 1 760 0 587 1900
0 479 3889 1 586 0 479 3889
0 597 1715 1 647 0 597 1715
-1
37 34
0 570 1084 1 782 0 570 1084
0 506 2263 1 567 0 506 2263
0 409 4047 1 478 0 409 4047
0 450 3294 1 1181 0 450 3294
0 424 3773 1 2 0 424 3773
0 482 2705 1 305 0 482 2705
0 541 1615 1 560 0 541 1615
0 407 4084 1 211 0 407 4084
0 377 4636 1 41 0 377 4636
0 505 2278 1 796 0 505 2278
0 255 6884 1 1170 0 255 6884
0 299 6073 1 769 0 299 6073
0 589 731 1 558 0 589 731
0 515 2094 1 226 0 515 2094
0 516 2078 1 344 0 516 2078
0 367 4821 1 959 0 367 4821
0 343 5263 1 949 0 343 5263
0 335 5410 1 1098 0 335 5410
0 429 3678 1 433 0 429 3678
0 403 4157 1 1113 0 403 4157
0 536 1710 2 1106 0 0 0 974 0 536 1710
0 336 5394 1 468 0 336 5394
0 427 3715 1 105 0 427 3715
0 294 6168 1 876 0 294 6168
0 568 1121 1 145 0 568 1121
0 372 4731 1 437 0 372 4731
0 455 3200 1 132 0 455 3200
0 429 3678 1 453 0 429 3678
0 295 6147 1 570 0 295 6147
0 348 5173 1 622 0 348 5173
0 509 2205 1 163 0 509 2205
0 450 3294 1 558 0 450 3294
0 280 6426 1 158 0 280 6426
0 223 7473 1 558 0 223 7473
-1
