11 26
0 3188 12200 2 317 0 3183 12200 110 0 5 0
0 0 0 0
0 0 0 0
0 2945 17000 1 220 0 2945 17000
0 3148 13000 2 87 0 3140 13000 257 0 8 0
0 1949 36800 1 3 0 1949 36800
0 0 0 0
0 3756 800 1 257 0 3756 800
0 1799 39800 1 257 0 1799 39800
0 3217 11600 1 308 0 3217 11600
0 0 0 0
0 3782 200 1 53 0 3782 200
0 3595 4000 1 275 0 3595 4000
0 0 0 0
0 2198 32000 1 46 0 2198 32000
0 3667 2600 1 290 0 3667 2600
0 0 0 0
0 3048 15000 1 126 0 3048 15000
0 3088 14200 1 189 0 3088 14200
0 0 0 0
0 3794 0 1 135 0 3794 0
0 3024 15400 1 275 0 3024 15400
0 2091 34000 1 257 0 2091 34000
0 0 0 0
0 0 0 0
0 3135 13200 1 62 0 3135 13200
-1
3 36
0 1787 6600 1 102 0 1787 6600
0 1505 12400 2 253 0 1499 12400 243 0 6 0
0 1675 9000 1 199 0 1675 9000
0 1196 18400 1 221 0 1196 18400
0 1867 5000 1 295 0 1867 5000
0 1247 17400 1 1 0 1247 17400
0 0 0 0
0 1379 14800 1 243 0 1379 14800
0 0 0 0
0 2015 2200 1 84 0 2015 2200
0 1607 10200 1 243 0 1607 10200
0 1669 9000 2 37 0 1666 9000 180 0 3 0
0 1790 6600 1 102 0 1790 6600
0 1955 3400 1 295 0 1955 3400
0 2105 400 1 17 0 2105 400
0 2054 1400 2 247 0 2049 1400 86 0 5 0
0 1047 21400 1 221 0 1047 21400
0 0 0 0
0 0 0 0
0 2045 1600 2 32 0 3 0 158 0 2042 1600
0 1676 8800 1 17 0 1676 8800
0 1956 3200 1 243 0 1956 3200
0 1362 15200 1 221 0 1362 15200
0 1222 18000 1 243 0 1222 18000
0 1785 6800 2 102 0 8 0 121 0 1777 6800
0 2074 1000 1 116 0 2074 1000
0 2116 0 1 50 0 2116 0
0 1884 4800 1 75 0 1884 4800
0 1989 2600 1 50 0 1989 2600
0 2052 1400 1 221 0 2052 1400
0 1982 2800 1 287 0 1982 2800
0 1944 3600 1 85 0 1944 3600
0 1823 6000 1 54 0 1823 6000
0 1830 5800 1 221 0 1830 5800
0 1223 18000 1 215 0 1223 18000
0 0 0 0
-1
7 23
0 2854 25200 1 126 0 2854 25200
0 1987 42400 1 258 0 1987 42400
0 3651 9200 1 279 0 3651 9200
0 2542 31400 1 176 0 2542 31400
0 2824 25800 2 15 0 2815 25800 258 0 9 0
0 2687 28400 1 98 0 2687 28400
0 3982 2600 2 10 0 4 0 277 0 3978 2600
0 0 0 0
0 4014 2000 5 268 0 1 0 188 0 2 0 145 0 1 0 69 0 4006 2000 160 0 4 0
0 3971 2800 1 21 0 3971 2800
0 2427 33600 1 222 0 2427 33600
0 0 0 0
0 2794 26400 2 48 0 3 0 308 0 2791 26400
0 3877 4600 1 245 0 3877 4600
0 2194 38400 2 127 0 7 0 27 0 2187 38400
0 3321 15800 1 127 0 3321 15800
0 4097 200 1 227 0 4097 200
0 3254 17200 1 100 0 3254 17200
0 0 0 0
0 1913 44000 1 127 0 1913 44000
0 3653 9200 2 57 0 3645 9200 227 0 8 0
0 3160 19000 1 227 0 3160 19000
0 3481 12600 1 30 0 3481 12600
-1
10 35
0 0 0 0
0 1212 15200 1 137 0 1212 15200
0 0 0 0
0 952 20400 1 295 0 952 20400
0 1975 0 1 137 0 1975 0
0 1560 8200 1 17 0 1560 8200
0 0 0 0
0 0 0 0
0 1537 8600 1 221 0 1537 8600
0 1325 13000 2 86 0 1316 13000 243 0 9 0
0 0 0 0
0 1855 2400 2 102 0 4 0 246 0 1851 2400
0 1804 3400 1 243 0 1804 3400
0 1685 5800 2 82 0 1676 5800 186 0 9 0
0 1896 1400 1 17 0 1896 1400
0 1862 2200 2 102 0 3 0 103 0 1859 2200
0 0 0 0
0 0 0 0
0 0 0 0
0 0 0 0
0 1792 3600 2 202 0 1789 3600 102 0 3 0
0 1592 7600 2 180 0 2 0 37 0 1590 7600
0 1714 5200 2 303 0 1707 5200 32 0 7 0
0 1284 13800 1 192 0 1284 13800
0 0 0 0
0 1535 8800 2 102 0 2 0 101 0 1533 8800
0 1551 8400 1 17 0 1551 8400
0 1734 4800 2 1 0 4 0 142 0 1730 4800
0 1843 2600 3 247 0 1839 2600 86 0 2 0 243 0 2 0
0 693 25600 1 221 0 693 25600
0 0 0 0
0 1879 1800 1 32 0 1879 1800
0 1575 8000 2 116 0 1572 8000 221 0 3 0
0 1970 0 1 192 0 1970 0
0 1577 7800 1 243 0 1577 7800
-1
8 24
0 3541 13200 1 55 0 3541 13200
0 0 0 0
0 2891 26200 2 75 0 2885 26200 186 0 6 0
0 2783 28400 2 8 0 3 0 175 0 2780 28400
0 3475 14400 1 212 0 3475 14400
0 1541 53200 1 156 0 1541 53200
0 3192 20200 1 156 0 3192 20200
0 3533 13400 3 175 0 3 0 113 0 3529 13400 156 0 1 0
0 3731 9400 1 56 0 3731 9400
0 2373 36600 1 266 0 2373 36600
0 3696 10000 1 300 0 3696 10000
0 3993 4200 1 79 0 3993 4200
0 3448 15000 1 56 0 3448 15000
0 3687 10200 1 55 0 3687 10200
0 2653 31000 1 156 0 2653 31000
0 3312 17800 2 180 0 3307 17800 156 0 5 0
0 0 0 0
0 3601 12000 1 55 0 3601 12000
0 3093 22200 2 156 0 3 0 8 0 3090 22200
0 2468 34600 1 266 0 2468 34600
0 3943 5200 2 82 0 8 0 325 0 3935 5200
0 3823 7600 3 288 0 3814 7600 101 0 6 0 103 0 3 0
0 0 0 0
0 3113 21800 2 198 0 3107 21800 118 0 6 0
-1
1 36
0 1480 8000 1 207 0 1480 8000
0 1671 4000 1 194 0 1671 4000
0 1736 2800 1 137 0 1736 2800
0 1308 11400 2 68 0 1302 11400 301 0 6 0
0 1655 4400 1 172 0 1655 4400
0 0 0 0
0 1796 1600 1 301 0 1796 1600
0 1491 7600 1 123 0 1491 7600
0 1353 10400 1 322 0 1353 10400
0 0 0 0
0 977 18000 1 301 0 977 18000
0 1641 4600 1 301 0 1641 4600
0 1865 200 1 301 0 1865 200
0 1859 400 1 287 0 1859 400
0 1767 2200 1 187 0 1767 2200
0 0 0 0
0 1779 2000 2 122 0 7 0 6 0 1772 2000
0 0 0 0
0 1825 1000 1 122 0 1825 1000
0 0 0 0
0 0 0 0
0 910 19400 2 301 0 6 0 68 0 904 19400
0 1283 11800 1 141 0 1283 11800
0 1403 9400 1 286 0 1403 9400
0 1479 8000 1 68 0 1479 8000
0 1757 2400 1 322 0 1757 2400
0 1809 1400 2 85 0 3 0 107 0 1806 1400
0 0 0 0
0 1832 800 1 224 0 1832 800
0 1747 2600 2 187 0 6 0 85 0 1741 2600
0 0 0 0
0 1730 3000 1 141 0 1730 3000
0 1557 6400 1 187 0 1557 6400
0 0 0 0
0 1264 12200 1 123 0 1264 12200
0 0 0 0
-1
5 46
0 1080 7600 1 164 0 1080 7600
0 1287 3400 1 242 0 1287 3400
0 968 9800 1 19 0 968 9800
0 716 14800 1 164 0 716 14800
0 1400 1200 1 242 0 1400 1200
0 1408 1000 1 200 0 1408 1000
0 1209 5000 1 173 0 1209 5000
0 819 12800 1 124 0 819 12800
0 970 9800 1 173 0 970 9800
0 1383 1400 1 124 0 1383 1400
0 1247 4200 2 237 0 1243 4200 315 0 4 0
0 1304 3000 1 173 0 1304 3000
0 831 12600 1 164 0 831 12600
0 1259 4000 1 124 0 1259 4000
0 905 11000 1 164 0 905 11000
0 1393 1200 1 73 0 1393 1200
0 881 11600 2 166 0 879 11600 73 0 2 0
0 1413 800 1 19 0 1413 800
0 975 9600 1 164 0 975 9600
0 1239 4400 1 164 0 1239 4400
0 1101 7200 1 73 0 1101 7200
0 1339 2400 1 315 0 1339 2400
0 644 16200 1 77 0 644 16200
0 598 17200 1 242 0 598 17200
0 1118 6800 1 73 0 1118 6800
0 1143 6200 1 256 0 1143 6200
0 661 16000 1 124 0 661 16000
0 1131 6600 1 315 0 1131 6600
0 1404 1000 1 19 0 1404 1000
0 1196 5200 1 124 0 1196 5200
0 940 10400 2 73 0 4 0 166 0 936 10400
0 968 9800 2 237 0 964 9800 315 0 4 0
0 1264 3800 1 19 0 1264 3800
0 930 10600 1 237 0 930 10600
0 681 15600 2 173 0 8 0 242 0 673 15600
0 1002 9200 2 237 0 998 9200 315 0 4 0
0 1202 5200 3 173 0 1 0 293 0 1200 5200 242 0 1 0
0 1078 7600 1 173 0 1078 7600
0 1343 2200 1 315 0 1343 2200
0 823 12600 1 124 0 823 12600
0 1436 400 1 173 0 1436 400
0 1352 2200 3 173 0 1 0 293 0 1350 2200 242 0 1 0
0 1327 2600 1 19 0 1327 2600
0 840 12400 1 242 0 840 12400
0 648 16200 1 77 0 648 16200
0 609 17000 1 77 0 609 17000
-1
6 26
0 2481 2200 2 228 0 5 0 251 0 2476 2200
0 1572 20200 1 122 0 1572 20200
0 0 0 0
0 2155 8600 1 125 0 2155 8600
0 0 0 0
0 1780 16200 1 287 0 1780 16200
0 0 0 0
0 1900 13800 1 172 0 1900 13800
0 1621 19400 1 117 0 1621 19400
0 2463 2400 1 47 0 2463 2400
0 2210 7600 1 141 0 2210 7600
0 2125 9200 1 224 0 2125 9200
0 1667 18400 1 141 0 1667 18400
0 1980 12200 1 322 0 1980 12200
0 1759 16600 1 228 0 1759 16600
0 2491 2000 2 224 0 9 0 43 0 2482 2000
0 1865 14400 1 287 0 1865 14400
0 1619 19400 1 207 0 1619 19400
0 1905 13600 1 93 0 1905 13600
0 2108 9600 1 138 0 2108 9600
0 1338 25000 2 122 0 2 0 6 0 1336 25000
0 1890 14000 2 85 0 4 0 107 0 1886 14000
0 2261 6600 1 192 0 2261 6600
0 2565 400 1 322 0 2565 400
0 0 0 0
0 2121 9400 2 85 0 2114 9400 187 0 7 0
-1
2 25
0 1133 11000 1 109 0 1133 11000
0 1681 0 1 70 0 1681 0
0 1378 6200 1 285 0 1378 6200
0 1497 3800 1 124 0 1497 3800
0 1553 2600 2 23 0 4 0 233 0 1549 2600
0 920 15200 1 252 0 920 15200
0 1621 1200 1 193 0 1621 1200
0 981 14000 1 252 0 981 14000
0 1120 11200 1 256 0 1120 11200
0 0 0 0
0 1477 4200 2 31 0 4 0 16 0 1473 4200
0 1469 4200 1 285 0 1469 4200
0 1664 400 1 214 0 1664 400
0 1632 1000 1 31 0 1632 1000
0 1647 800 1 31 0 1647 800
0 1451 4600 1 31 0 1451 4600
0 1457 4600 1 315 0 1457 4600
0 0 0 0
0 934 15000 1 285 0 934 15000
0 1688 0 2 200 0 1683 0 193 0 5 0
0 0 0 0
0 1637 1000 2 70 0 5 0 76 0 1632 1000
0 0 0 0
0 1508 3600 1 193 0 1508 3600
0 1538 3000 1 256 0 1538 3000
-1
4 32
0 1172 17000 1 208 0 1172 17000
0 1498 10400 1 289 0 1498 10400
0 2000 400 1 254 0 2000 400
0 1833 3800 2 31 0 6 0 16 0 1827 3800
0 1961 1200 2 289 0 3 0 208 0 1958 1200
0 1588 8600 1 29 0 1588 8600
0 1145 17400 1 254 0 1145 17400
0 1454 11400 1 91 0 1454 11400
0 2009 200 1 29 0 2009 200
0 1997 400 1 91 0 1997 400
0 1189 16600 1 254 0 1189 16600
0 1564 9200 1 254 0 1564 9200
0 1292 14600 1 39 0 1292 14600
0 1784 4800 1 254 0 1784 4800
0 1240 15600 1 29 0 1240 15600
0 1592 8600 1 29 0 1592 8600
0 1516 10000 1 39 0 1516 10000
0 1724 6000 1 289 0 1724 6000
0 1699 6400 1 109 0 1699 6400
0 1918 2000 1 29 0 1918 2000
0 972 21000 1 29 0 972 21000
0 1883 2800 1 208 0 1883 2800
0 1693 6600 1 214 0 1693 6600
0 1580 8800 1 31 0 1580 8800
0 734 25800 1 208 0 734 25800
0 866 23000 1 214 0 866 23000
0 1488 10600 1 31 0 1488 10600
0 1307 14200 1 214 0 1307 14200
0 1810 4200 1 31 0 1810 4200
0 743 25600 1 208 0 743 25600
0 941 21600 1 31 0 941 21600
0 876 22800 1 31 0 876 22800
-1
9 26
0 4232 9600 1 4 0 4232 9600
0 4678 600 1 252 0 4678 600
0 3859 17000 1 60 0 3859 17000
0 3585 22400 1 256 0 3585 22400
0 3952 15200 1 280 0 3952 15200
0 4202 10200 1 214 0 4202 10200
0 3882 16600 2 233 0 3877 16600 23 0 5 0
0 3590 22400 1 109 0 3590 22400
0 3374 26800 1 302 0 3374 26800
0 4481 4600 1 193 0 4481 4600
0 3905 16000 1 193 0 3905 16000
0 2527 43600 1 252 0 2527 43600
0 3573 22800 1 39 0 3573 22800
0 4476 4600 1 23 0 4476 4600
0 2456 45000 1 252 0 2456 45000
0 3174 30800 1 29 0 3174 30800
0 3864 17000 1 233 0 3864 17000
0 3695 20200 1 70 0 3695 20200
0 3803 18200 1 70 0 3803 18200
0 2441 45400 1 109 0 2441 45400
0 3951 15200 1 214 0 3951 15200
0 3624 21800 1 280 0 3624 21800
0 4223 9800 1 214 0 4223 9800
0 4094 12400 1 285 0 4094 12400
0 2266 48800 1 29 0 2266 48800
0 3443 25400 1 148 0 3443 25400
-1
