3 27
0 445 1100 1 3 0 445 1100
0 0 0 0
0 0 0 0
0 0 0 0
0 0 0 0
0 497 0 1 3 0 497 0
0 0 0 0
0 0 0 0
0 0 0 0
0 384 2300 1 2 0 384 2300
0 0 0 0
0 0 0 0
0 0 0 0
0 0 0 0
0 0 0 0
0 0 0 0
0 0 0 0
0 0 0 0
0 0 0 0
0 0 0 0
0 0 0 0
0 0 0 0
0 0 0 0
0 0 0 0
0 0 0 0
0 0 0 0
0 0 0 0
-1
2 37
0 0 0 0
0 0 0 0
0 0 0 0
0 498 2000 1 2 0 498 2000
0 0 0 0
0 0 0 0
0 0 0 0
0 0 0 0
0 0 0 0
0 0 0 0
0 349 5000 1 2 0 349 5000
0 0 0 0
0 0 0 0
0 0 0 0
0 0 0 0
0 0 0 0
0 0 0 0
0 0 0 0
0 572 500 1 2 0 572 500
0 0 0 0
0 0 0 0
0 280 6400 1 2 0 280 6400
0 503 1900 1 2 0 503 1900
0 328 5400 1 2 0 328 5400
0 0 0 0
0 0 0 0
0 0 0 0
0 501 1900 1 3 0 501 1900
0 0 0 0
0 520 1600 1 2 0 520 1600
0 0 0 0
0 0 0 0
0 483 2300 1 4 0 483 2300
0 0 0 0
0 0 0 0
0 579 400 1 2 0 579 400
0 493 2100 1 2 0 493 2100
-1
1 34
0 0 0 0
0 0 0 0
0 0 0 0
0 0 0 0
0 0 0 0
0 742 100 1 1 0 742 100
0 0 0 0
0 0 0 0
0 0 0 0
0 658 1800 1 1 0 658 1800
0 0 0 0
0 0 0 0
0 0 0 0
0 629 2400 1 1 0 629 2400
0 0 0 0
0 623 2500 1 1 0 623 2500
0 0 0 0
0 0 0 0
0 622 2500 1 1 0 622 2500
0 0 0 0
0 0 0 0
0 0 0 0
0 643 2100 1 1 0 643 2100
0 0 0 0
0 0 0 0
0 0 0 0
0 0 0 0
0 0 0 0
0 591 3100 1 1 0 591 3100
0 0 0 0
0 662 1700 1 1 0 662 1700
0 0 0 0
0 0 0 0
0 0 0 0
-1
