1 34
0 858 2800 1 1 0 858 2800
0 0 0 0
0 0 0 0
0 0 0 0
0 0 0 0
0 0 0 0
0 823 3400 1 1 0 823 3400
0 974 400 1 1 0 974 400
0 728 5400 1 1 0 728 5400
0 790 4200 1 1 0 790 4200
0 0 0 0
0 0 0 0
0 0 0 0
0 847 3000 2 1 0 4 0 2 0 843 3000
0 0 0 0
0 0 0 0
0 0 0 0
0 0 0 0
0 0 0 0
0 0 0 0
0 979 200 1 1 0 979 200
0 0 0 0
0 852 2800 1 1 0 852 2800
0 0 0 0
0 0 0 0
0 0 0 0
0 0 0 0
0 0 0 0
0 0 0 0
0 713 5600 1 1 0 713 5600
0 0 0 0
0 0 0 0
0 0 0 0
0 0 0 0
-1
2 28
0 977 400 1 2 0 977 400
0 0 0 0
0 0 0 0
0 930 1400 2 2 0 930 1400 1 0 0 0
0 0 0 0
0 0 0 0
0 0 0 0
0 0 0 0
0 0 0 0
0 968 600 2 2 0 2 0 1 0 966 600
0 0 0 0
0 0 0 0
0 0 0 0
0 0 0 0
0 0 0 0
0 0 0 0
0 0 0 0
0 0 0 0
0 998 0 2 1 0 998 0 2 0 0 0
0 0 0 0
0 0 0 0
0 0 0 0
0 0 0 0
0 0 0 0
0 0 0 0
0 0 0 0
0 0 0 0
0 0 0 0
-1
